0.000000	1.000000
0.010000	0.999958
0.020000	0.999832
0.030000	0.999621
0.040000	0.999327
0.050000	0.998948
0.060000	0.998486
0.070000	0.997939
0.080000	0.997308
0.090000	0.996593
0.100000	0.995795
0.110000	0.994912
0.120000	0.993945
0.130000	0.992895
0.140000	0.991761
0.150000	0.990543
0.160000	0.989242
0.170000	0.987857
0.180000	0.986388
0.190000	0.984836
0.200000	0.983201
0.210000	0.981483
0.220000	0.979681
0.230000	0.977796
0.240000	0.975829
0.250000	0.973779
0.260000	0.971646
0.270000	0.969430
0.280000	0.967132
0.290000	0.964751
0.300000	0.962289
0.310000	0.959744
0.320000	0.957118
0.330000	0.954409
0.340000	0.951619
0.350000	0.948748
0.360000	0.945795
0.370000	0.942762
0.380000	0.939647
0.390000	0.936452
0.400000	0.933176
0.410000	0.929820
0.420000	0.926383
0.430000	0.922867
0.440000	0.919271
0.450000	0.915595
0.460000	0.911840
0.470000	0.908006
0.480000	0.904094
0.490000	0.900102
0.500000	0.896033
0.510000	0.891885
0.520000	0.887659
0.530000	0.883356
0.540000	0.878976
0.550000	0.874518
0.560000	0.869984
0.570000	0.865373
0.580000	0.860687
0.590000	0.855924
0.600000	0.851086
0.610000	0.846173
0.620000	0.841184
0.630000	0.836122
0.640000	0.830985
0.650000	0.825774
0.660000	0.820490
0.670000	0.815132
0.680000	0.809702
0.690000	0.804199
0.700000	0.798625
0.710000	0.792978
0.720000	0.787261
0.730000	0.781473
0.740000	0.775614
0.750000	0.769685
0.760000	0.763687
0.770000	0.757619
0.780000	0.751483
0.790000	0.745278
0.800000	0.739006
0.810000	0.732666
0.820000	0.726259
0.830000	0.719786
0.840000	0.713247
0.850000	0.706643
0.860000	0.699974
0.870000	0.693240
0.880000	0.686442
0.890000	0.679581
0.900000	0.672658
0.910000	0.665671
0.920000	0.658624
0.930000	0.651514
0.940000	0.644345
0.950000	0.637115
0.960000	0.629826
0.970000	0.622477
0.980000	0.615071
0.990000	0.607607
1.000000	0.600085
1.010000	0.592508
1.020000	0.584874
1.030000	0.577185
1.040000	0.569442
1.050000	0.561644
1.060000	0.553794
1.070000	0.545891
1.080000	0.537936
1.090000	0.529929
1.100000	0.521873
1.110000	0.513766
1.120000	0.505610
1.130000	0.497406
1.140000	0.489154
1.150000	0.480855
1.160000	0.472510
1.170000	0.464119
1.180000	0.455683
1.190000	0.447204
1.200000	0.438681
1.210000	0.430116
1.220000	0.421509
1.230000	0.412861
1.240000	0.404173
1.250000	0.395446
1.260000	0.386680
1.270000	0.377876
1.280000	0.369036
1.290000	0.360159
1.300000	0.351248
1.310000	0.342302
1.320000	0.333322
1.330000	0.324309
1.340000	0.315265
1.350000	0.306190
1.360000	0.297084
1.370000	0.287950
1.380000	0.278787
1.390000	0.269596
1.400000	0.260379
1.410000	0.251136
1.420000	0.241868
1.430000	0.232576
1.440000	0.223261
1.450000	0.213924
1.460000	0.204566
1.470000	0.195188
1.480000	0.185790
1.490000	0.176373
1.500000	0.166939
1.510000	0.157489
1.520000	0.148022
1.530000	0.138541
1.540000	0.129047
1.550000	0.119539
1.560000	0.110019
1.570000	0.100489
1.580000	0.090948
1.590000	0.081398
1.600000	0.071841
1.610000	0.062276
1.620000	0.052704
1.630000	0.043128
1.640000	0.033547
1.650000	0.023963
1.660000	0.014376
1.670000	0.004788
1.680000	-0.004800
1.690000	-0.014388
1.700000	-0.023975
1.710000	-0.033559
1.720000	-0.043140
1.730000	-0.052716
1.740000	-0.062287
1.750000	-0.071852
1.760000	-0.081410
1.770000	-0.090960
1.780000	-0.100500
1.790000	-0.110031
1.800000	-0.119551
1.810000	-0.129058
1.820000	-0.138553
1.830000	-0.148034
1.840000	-0.157500
1.850000	-0.166951
1.860000	-0.176385
1.870000	-0.185801
1.880000	-0.195199
1.890000	-0.204577
1.900000	-0.213936
1.910000	-0.223273
1.920000	-0.232587
1.930000	-0.241879
1.940000	-0.251147
1.950000	-0.260390
1.960000	-0.269607
1.970000	-0.278798
1.980000	-0.287961
1.990000	-0.297096
2.000000	-0.306201
2.010000	-0.315276
2.020000	-0.324320
2.030000	-0.333333
2.040000	-0.342313
2.050000	-0.351259
2.060000	-0.360170
2.070000	-0.369047
2.080000	-0.377887
2.090000	-0.386691
2.100000	-0.395456
2.110000	-0.404184
2.120000	-0.412872
2.130000	-0.421519
2.140000	-0.430126
2.150000	-0.438691
2.160000	-0.447214
2.170000	-0.455694
2.180000	-0.464129
2.190000	-0.472520
2.200000	-0.480865
2.210000	-0.489164
2.220000	-0.497416
2.230000	-0.505620
2.240000	-0.513776
2.250000	-0.521882
2.260000	-0.529939
2.270000	-0.537945
2.280000	-0.545900
2.290000	-0.553803
2.300000	-0.561654
2.310000	-0.569451
2.320000	-0.577195
2.330000	-0.584883
2.340000	-0.592517
2.350000	-0.600095
2.360000	-0.607616
2.370000	-0.615080
2.380000	-0.622486
2.390000	-0.629834
2.400000	-0.637124
2.410000	-0.644353
2.420000	-0.651523
2.430000	-0.658632
2.440000	-0.665680
2.450000	-0.672666
2.460000	-0.679590
2.470000	-0.686451
2.480000	-0.693248
2.490000	-0.699982
2.500000	-0.706651
2.510000	-0.713255
2.520000	-0.719794
2.530000	-0.726267
2.540000	-0.732674
2.550000	-0.739013
2.560000	-0.745286
2.570000	-0.751490
2.580000	-0.757626
2.590000	-0.763694
2.600000	-0.769692
2.610000	-0.775621
2.620000	-0.781480
2.630000	-0.787268
2.640000	-0.792985
2.650000	-0.798632
2.660000	-0.804206
2.670000	-0.809709
2.680000	-0.815139
2.690000	-0.820496
2.700000	-0.825780
2.710000	-0.830991
2.720000	-0.836128
2.730000	-0.841190
2.740000	-0.846179
2.750000	-0.851092
2.760000	-0.855930
2.770000	-0.860692
2.780000	-0.865379
2.790000	-0.869989
2.800000	-0.874524
2.810000	-0.878981
2.820000	-0.883361
2.830000	-0.887664
2.840000	-0.891890
2.850000	-0.896038
2.860000	-0.900107
2.870000	-0.904098
2.880000	-0.908011
2.890000	-0.911845
2.900000	-0.915600
2.910000	-0.919275
2.920000	-0.922871
2.930000	-0.926387
2.940000	-0.929824
2.950000	-0.933180
2.960000	-0.936456
2.970000	-0.939651
2.980000	-0.942765
2.990000	-0.945799
3.000000	-0.948752
3.010000	-0.951623
3.020000	-0.954413
3.030000	-0.957121
3.040000	-0.959747
3.050000	-0.962292
3.060000	-0.964754
3.070000	-0.967135
3.080000	-0.969433
3.090000	-0.971648
3.100000	-0.973781
3.110000	-0.975831
3.120000	-0.977799
3.130000	-0.979683
3.140000	-0.981485
3.150000	-0.983203
3.160000	-0.984838
3.170000	-0.986390
3.180000	-0.987858
3.190000	-0.989243
3.200000	-0.990545
3.210000	-0.991762
3.220000	-0.992896
3.230000	-0.993947
3.240000	-0.994913
3.250000	-0.995796
3.260000	-0.996594
3.270000	-0.997309
3.280000	-0.997940
3.290000	-0.998486
3.300000	-0.998949
3.310000	-0.999327
3.320000	-0.999622
3.330000	-0.999832
3.340000	-0.999958
3.350000	-1.000000
3.360000	-0.999958
3.370000	-0.999832
3.380000	-0.999621
3.390000	-0.999326
3.400000	-0.998948
3.410000	-0.998485
3.420000	-0.997938
3.430000	-0.997307
3.440000	-0.996592
3.450000	-0.995794
3.460000	-0.994911
3.470000	-0.993944
3.480000	-0.992894
3.490000	-0.991759
3.500000	-0.990542
3.510000	-0.989240
3.520000	-0.987855
3.530000	-0.986386
3.540000	-0.984834
3.550000	-0.983199
3.560000	-0.981480
3.570000	-0.979679
3.580000	-0.977794
3.590000	-0.975826
3.600000	-0.973776
3.610000	-0.971643
3.620000	-0.969427
3.630000	-0.967129
3.640000	-0.964748
3.650000	-0.962286
3.660000	-0.959741
3.670000	-0.957114
3.680000	-0.954406
3.690000	-0.951616
3.700000	-0.948745
3.710000	-0.945792
3.720000	-0.942758
3.730000	-0.939643
3.740000	-0.936448
3.750000	-0.933172
3.760000	-0.929815
3.770000	-0.926379
3.780000	-0.922863
3.790000	-0.919266
3.800000	-0.915591
3.810000	-0.911836
3.820000	-0.908002
3.830000	-0.904089
3.840000	-0.900097
3.850000	-0.896028
3.860000	-0.891880
3.870000	-0.887654
3.880000	-0.883351
3.890000	-0.878970
3.900000	-0.874513
3.910000	-0.869978
3.920000	-0.865368
3.930000	-0.860681
3.940000	-0.855918
3.950000	-0.851080
3.960000	-0.846167
3.970000	-0.841178
3.980000	-0.836115
3.990000	-0.830978
4.000000	-0.825768
4.010000	-0.820483
4.020000	-0.815126
4.030000	-0.809695
4.040000	-0.804193
4.050000	-0.798618
4.060000	-0.792972
4.070000	-0.787254
4.080000	-0.781465
4.090000	-0.775607
4.100000	-0.769678
4.110000	-0.763679
4.120000	-0.757612
4.130000	-0.751475
4.140000	-0.745271
4.150000	-0.738998
4.160000	-0.732658
4.170000	-0.726252
4.180000	-0.719778
4.190000	-0.713239
4.200000	-0.706635
4.210000	-0.699966
4.220000	-0.693232
4.230000	-0.686434
4.240000	-0.679573
4.250000	-0.672649
4.260000	-0.665663
4.270000	-0.658615
4.280000	-0.651506
4.290000	-0.644336
4.300000	-0.637106
4.310000	-0.629817
4.320000	-0.622468
4.330000	-0.615062
4.340000	-0.607598
4.350000	-0.600076
4.360000	-0.592498
4.370000	-0.584865
4.380000	-0.577176
4.390000	-0.569432
4.400000	-0.561635
4.410000	-0.553784
4.420000	-0.545881
4.430000	-0.537926
4.440000	-0.529920
4.450000	-0.521863
4.460000	-0.513756
4.470000	-0.505600
4.480000	-0.497396
4.490000	-0.489144
4.500000	-0.480845
4.510000	-0.472499
4.520000	-0.464109
4.530000	-0.455673
4.540000	-0.447193
4.550000	-0.438671
4.560000	-0.430105
4.570000	-0.421498
4.580000	-0.412850
4.590000	-0.404162
4.600000	-0.395435
4.610000	-0.386669
4.620000	-0.377866
4.630000	-0.369025
4.640000	-0.360149
4.650000	-0.351237
4.660000	-0.342291
4.670000	-0.333311
4.680000	-0.324298
4.690000	-0.315254
4.700000	-0.306179
4.710000	-0.297073
4.720000	-0.287939
4.730000	-0.278775
4.740000	-0.269585
4.750000	-0.260368
4.760000	-0.251125
4.770000	-0.241857
4.780000	-0.232565
4.790000	-0.223250
4.800000	-0.213913
4.810000	-0.204555
4.820000	-0.195176
4.830000	-0.185778
4.840000	-0.176362
4.850000	-0.166928
4.860000	-0.157477
4.870000	-0.148011
4.880000	-0.138530
4.890000	-0.129035
4.900000	-0.119527
4.910000	-0.110008
4.920000	-0.100477
4.930000	-0.090937
4.940000	-0.081387
4.950000	-0.071829
4.960000	-0.062264
4.970000	-0.052693
4.980000	-0.043116
4.990000	-0.033535
5.000000	-0.023951
5.010000	-0.014365
5.020000	-0.004777
5.030000	0.004812
5.040000	0.014400
5.050000	0.023986
5.060000	0.033570
5.070000	0.043151
5.080000	0.052728
5.090000	0.062299
5.100000	0.071864
5.110000	0.081422
5.120000	0.090971
5.130000	0.100512
5.140000	0.110043
5.150000	0.119562
5.160000	0.129070
5.170000	0.138565
5.180000	0.148045
5.190000	0.157512
5.200000	0.166962
5.210000	0.176396
5.220000	0.185812
5.230000	0.195210
5.240000	0.204589
5.250000	0.213947
5.260000	0.223284
5.270000	0.232599
5.280000	0.241890
5.290000	0.251158
5.300000	0.260401
5.310000	0.269618
5.320000	0.278809
5.330000	0.287972
5.340000	0.297107
5.350000	0.306212
5.360000	0.315287
5.370000	0.324331
5.380000	0.333344
5.390000	0.342323
5.400000	0.351269
5.410000	0.360181
5.420000	0.369058
5.430000	0.377898
5.440000	0.386701
5.450000	0.395467
5.460000	0.404194
5.470000	0.412882
5.480000	0.421530
5.490000	0.430137
5.500000	0.438702
5.510000	0.447224
5.520000	0.455704
5.530000	0.464139
5.540000	0.472530
5.550000	0.480875
5.560000	0.489174
5.570000	0.497426
5.580000	0.505630
5.590000	0.513786
5.600000	0.521892
5.610000	0.529949
5.620000	0.537955
5.630000	0.545910
5.640000	0.553813
5.650000	0.561664
5.660000	0.569461
5.670000	0.577204
5.680000	0.584893
5.690000	0.592526
5.700000	0.600104
5.710000	0.607625
5.720000	0.615089
5.730000	0.622495
5.740000	0.629843
5.750000	0.637133
5.760000	0.644362
5.770000	0.651532
5.780000	0.658641
5.790000	0.665689
5.800000	0.672675
5.810000	0.679598
5.820000	0.686459
5.830000	0.693257
5.840000	0.699990
5.850000	0.706659
5.860000	0.713263
5.870000	0.719802
5.880000	0.726275
5.890000	0.732682
5.900000	0.739021
5.910000	0.745293
5.920000	0.751498
5.930000	0.757634
5.940000	0.763701
5.950000	0.769699
5.960000	0.775628
5.970000	0.781487
5.980000	0.787275
5.990000	0.792992
6.000000	0.798638
6.010000	0.804213
6.020000	0.809715
6.030000	0.815145
6.040000	0.820503
6.050000	0.825787
6.060000	0.830997
6.070000	0.836134
6.080000	0.841197
6.090000	0.846185
6.100000	0.851098
6.110000	0.855936
6.120000	0.860698
6.130000	0.865385
6.140000	0.869995
6.150000	0.874529
6.160000	0.878986
6.170000	0.883367
6.180000	0.887670
6.190000	0.891895
6.200000	0.896043
6.210000	0.900112
6.220000	0.904103
6.230000	0.908016
6.240000	0.911850
6.250000	0.915604
6.260000	0.919280
6.270000	0.922876
6.280000	0.926392
6.290000	0.929828
6.300000	0.933184
6.310000	0.936460
6.320000	0.939655
6.330000	0.942769
6.340000	0.945803
6.350000	0.948755
6.360000	0.951626
6.370000	0.954416
6.380000	0.957124
6.390000	0.959750
6.400000	0.962295
6.410000	0.964757
6.420000	0.967137
6.430000	0.969435
6.440000	0.971651
6.450000	0.973784
6.460000	0.975834
6.470000	0.977801
6.480000	0.979686
6.490000	0.981487
6.500000	0.983205
6.510000	0.984840
6.520000	0.986392
6.530000	0.987860
6.540000	0.989245
6.550000	0.990546
6.560000	0.991764
6.570000	0.992898
6.580000	0.993948
6.590000	0.994914
6.600000	0.995797
6.610000	0.996595
6.620000	0.997310
6.630000	0.997940
6.640000	0.998487
6.650000	0.998949
6.660000	0.999328
6.670000	0.999622
6.680000	0.999832
6.690000	0.999958
6.700000	1.000000
6.710000	0.999958
6.720000	0.999831
6.730000	0.999621
6.740000	0.999326
6.750000	0.998947
6.760000	0.998484
6.770000	0.997937
6.780000	0.997306
6.790000	0.996591
6.800000	0.995792
6.810000	0.994910
6.820000	0.993943
6.830000	0.992892
6.840000	0.991758
6.850000	0.990540
6.860000	0.989238
6.870000	0.987853
6.880000	0.986384
6.890000	0.984832
6.900000	0.983197
6.910000	0.981478
6.920000	0.979677
6.930000	0.977792
6.940000	0.975824
6.950000	0.973773
6.960000	0.971640
6.970000	0.969424
6.980000	0.967126
6.990000	0.964745
7.000000	0.962283
7.010000	0.959738
7.020000	0.957111
7.030000	0.954403
7.040000	0.951613
7.050000	0.948741
7.060000	0.945788
7.070000	0.942754
7.080000	0.939639
7.090000	0.936444
7.100000	0.933168
7.110000	0.929811
7.120000	0.926375
7.130000	0.922858
7.140000	0.919262
7.150000	0.915586
7.160000	0.911831
7.170000	0.907997
7.180000	0.904084
7.190000	0.900092
7.200000	0.896023
7.210000	0.891875
7.220000	0.887649
7.230000	0.883345
7.240000	0.878965
7.250000	0.874507
7.260000	0.869973
7.270000	0.865362
7.280000	0.860675
7.290000	0.855912
7.300000	0.851074
7.310000	0.846160
7.320000	0.841172
7.330000	0.836109
7.340000	0.830972
7.350000	0.825761
7.360000	0.820477
7.370000	0.815119
7.380000	0.809689
7.390000	0.804186
7.400000	0.798611
7.410000	0.792965
7.420000	0.787247
7.430000	0.781458
7.440000	0.775599
7.450000	0.769670
7.460000	0.763672
7.470000	0.757604
7.480000	0.751468
7.490000	0.745263
7.500000	0.738990
7.510000	0.732651
7.520000	0.726244
7.530000	0.719771
7.540000	0.713231
7.550000	0.706627
7.560000	0.699957
7.570000	0.693224
7.580000	0.686426
7.590000	0.679565
7.600000	0.672641
7.610000	0.665654
7.620000	0.658606
7.630000	0.651497
7.640000	0.644327
7.650000	0.637097
7.660000	0.629808
7.670000	0.622459
7.680000	0.615053
7.690000	0.607588
7.700000	0.600067
7.710000	0.592489
7.720000	0.584855
7.730000	0.577166
7.740000	0.569423
7.750000	0.561625
7.760000	0.553775
7.770000	0.545871
7.780000	0.537916
7.790000	0.529910
7.800000	0.521853
7.810000	0.513746
7.820000	0.505590
7.830000	0.497386
7.840000	0.489134
7.850000	0.480834
7.860000	0.472489
7.870000	0.464098
7.880000	0.455663
7.890000	0.447183
7.900000	0.438660
7.910000	0.430095
7.920000	0.421488
7.930000	0.412840
7.940000	0.404152
7.950000	0.395424
7.960000	0.386659
7.970000	0.377855
7.980000	0.369014
7.990000	0.360138
8.000000	0.351226
8.010000	0.342280
8.020000	0.333300
8.030000	0.324288
8.040000	0.315243
8.050000	0.306168
8.060000	0.297062
8.070000	0.287927
8.080000	0.278764
8.090000	0.269574
8.100000	0.260356
8.110000	0.251113
8.120000	0.241845
8.130000	0.232553
8.140000	0.223239
8.150000	0.213902
8.160000	0.204543
8.170000	0.195165
8.180000	0.185767
8.190000	0.176350
8.200000	0.166916
8.210000	0.157466
8.220000	0.147999
8.230000	0.138518
8.240000	0.129023
8.250000	0.119516
8.260000	0.109996
8.270000	0.100466
8.280000	0.090925
8.290000	0.081375
8.300000	0.071817
8.310000	0.062252
8.320000	0.052681
8.330000	0.043105
8.340000	0.033524
8.350000	0.023940
8.360000	0.014353
8.370000	0.004765
8.380000	-0.004823
8.390000	-0.014411
8.400000	-0.023998
8.410000	-0.033582
8.420000	-0.043163
8.430000	-0.052739
8.440000	-0.062311
8.450000	-0.071876
8.460000	-0.081433
8.470000	-0.090983
8.480000	-0.100524
8.490000	-0.110054
8.500000	-0.119574
8.510000	-0.129081
8.520000	-0.138576
8.530000	-0.148057
8.540000	-0.157523
8.550000	-0.166974
8.560000	-0.176408
8.570000	-0.185824
8.580000	-0.195222
8.590000	-0.204600
8.600000	-0.213958
8.610000	-0.223295
8.620000	-0.232610
8.630000	-0.241902
8.640000	-0.251170
8.650000	-0.260412
8.660000	-0.269630
8.670000	-0.278820
8.680000	-0.287983
8.690000	-0.297118
8.700000	-0.306223
8.710000	-0.315298
8.720000	-0.324342
8.730000	-0.333355
8.740000	-0.342334
8.750000	-0.351280
8.760000	-0.360192
8.770000	-0.369068
8.780000	-0.377909
8.790000	-0.386712
8.800000	-0.395478
8.810000	-0.404205
8.820000	-0.412893
8.830000	-0.421540
8.840000	-0.430147
8.850000	-0.438712
8.860000	-0.447235
8.870000	-0.455714
8.880000	-0.464149
8.890000	-0.472540
8.900000	-0.480885
8.910000	-0.489184
8.920000	-0.497436
8.930000	-0.505640
8.940000	-0.513796
8.950000	-0.521902
8.960000	-0.529959
8.970000	-0.537965
8.980000	-0.545920
8.990000	-0.553823
9.000000	-0.561673
9.010000	-0.569470
9.020000	-0.577213
9.030000	-0.584902
9.040000	-0.592535
9.050000	-0.600113
9.060000	-0.607634
9.070000	-0.615098
9.080000	-0.622504
9.090000	-0.629852
9.100000	-0.637141
9.110000	-0.644371
9.120000	-0.651541
9.130000	-0.658649
9.140000	-0.665697
9.150000	-0.672683
9.160000	-0.679607
9.170000	-0.686467
9.180000	-0.693265
9.190000	-0.699998
9.200000	-0.706667
9.210000	-0.713271
9.220000	-0.719810
9.230000	-0.726283
9.240000	-0.732689
9.250000	-0.739029
9.260000	-0.745301
9.270000	-0.751505
9.280000	-0.757641
9.290000	-0.763709
9.300000	-0.769707
9.310000	-0.775635
9.320000	-0.781494
9.330000	-0.787282
9.340000	-0.792999
9.350000	-0.798645
9.360000	-0.804220
9.370000	-0.809722
9.380000	-0.815152
9.390000	-0.820509
9.400000	-0.825793
9.410000	-0.831004
9.420000	-0.836140
9.430000	-0.841203
9.440000	-0.846191
9.450000	-0.851104
9.460000	-0.855941
9.470000	-0.860704
9.480000	-0.865390
9.490000	-0.870001
9.500000	-0.874534
9.510000	-0.878992
9.520000	-0.883372
9.530000	-0.887675
9.540000	-0.891900
9.550000	-0.896048
9.560000	-0.900117
9.570000	-0.904108
9.580000	-0.908021
9.590000	-0.911854
9.600000	-0.915609
9.610000	-0.919284
9.620000	-0.922880
9.630000	-0.926396
9.640000	-0.929832
9.650000	-0.933188
9.660000	-0.936464
9.670000	-0.939659
9.680000	-0.942773
9.690000	-0.945806
9.700000	-0.948759
9.710000	-0.951630
9.720000	-0.954419
9.730000	-0.957127
9.740000	-0.959754
9.750000	-0.962298
9.760000	-0.964760
9.770000	-0.967140
9.780000	-0.969438
9.790000	-0.971653
9.800000	-0.973786
9.810000	-0.975836
9.820000	-0.977803
9.830000	-0.979688
9.840000	-0.981489
9.850000	-0.983207
9.860000	-0.984842
9.870000	-0.986394
9.880000	-0.987862
9.890000	-0.989247
9.900000	-0.990548
9.910000	-0.991765
9.920000	-0.992899
9.930000	-0.993949
9.940000	-0.994915
9.950000	-0.995798
9.960000	-0.996596
9.970000	-0.997311
9.980000	-0.997941
9.990000	-0.998487
10.000000	-0.998950
10.010000	-0.999328
10.020000	-0.999622
10.030000	-0.999832
10.040000	-0.999958
10.050000	-1.000000
10.060000	-0.999958
10.070000	-0.999831
10.080000	-0.999620
10.090000	-0.999326
10.100000	-0.998947
10.110000	-0.998484
10.120000	-0.997937
10.130000	-0.997306
10.140000	-0.996591
10.150000	-0.995791
10.160000	-0.994909
10.170000	-0.993942
10.180000	-0.992891
10.190000	-0.991757
10.200000	-0.990538
10.210000	-0.989237
10.220000	-0.987851
10.230000	-0.986383
10.240000	-0.984830
10.250000	-0.983195
10.260000	-0.981476
10.270000	-0.979674
10.280000	-0.977789
10.290000	-0.975822
10.300000	-0.973771
10.310000	-0.971638
10.320000	-0.969422
10.330000	-0.967123
10.340000	-0.964743
10.350000	-0.962280
10.360000	-0.959735
10.370000	-0.957108
10.380000	-0.954399
10.390000	-0.951609
10.400000	-0.948737
10.410000	-0.945785
10.420000	-0.942751
10.430000	-0.939636
10.440000	-0.936440
10.450000	-0.933164
10.460000	-0.929807
10.470000	-0.926371
10.480000	-0.922854
10.490000	-0.919258
10.500000	-0.915582
10.510000	-0.911826
10.520000	-0.907992
10.530000	-0.904079
10.540000	-0.900088
10.550000	-0.896018
10.560000	-0.891869
10.570000	-0.887644
10.580000	-0.883340
10.590000	-0.878959
10.600000	-0.874502
10.610000	-0.869967
10.620000	-0.865356
10.630000	-0.860669
10.640000	-0.855906
10.650000	-0.851068
10.660000	-0.846154
10.670000	-0.841166
10.680000	-0.836103
10.690000	-0.830966
10.700000	-0.825755
10.710000	-0.820470
10.720000	-0.815113
10.730000	-0.809682
10.740000	-0.804179
10.750000	-0.798604
10.760000	-0.792958
10.770000	-0.787240
10.780000	-0.781451
10.790000	-0.775592
10.800000	-0.769663
10.810000	-0.763665
10.820000	-0.757597
10.830000	-0.751460
10.840000	-0.745255
10.850000	-0.738983
10.860000	-0.732643
10.870000	-0.726236
10.880000	-0.719763
10.890000	-0.713223
10.900000	-0.706619
10.910000	-0.699949
10.920000	-0.693215
10.930000	-0.686418
10.940000	-0.679556
10.950000	-0.672632
10.960000	-0.665646
10.970000	-0.658598
10.980000	-0.651488
10.990000	-0.644318
11.000000	-0.637088
11.010000	-0.629799
11.020000	-0.622450
11.030000	-0.615044
11.040000	-0.607579
11.050000	-0.600058
11.060000	-0.592480
11.070000	-0.584846
11.080000	-0.577157
11.090000	-0.569413
11.100000	-0.561616
11.110000	-0.553765
11.120000	-0.545862
11.130000	-0.537907
11.140000	-0.529900
11.150000	-0.521843
11.160000	-0.513736
11.170000	-0.505580
11.180000	-0.497376
11.190000	-0.489124
11.200000	-0.480824
11.210000	-0.472479
11.220000	-0.464088
11.230000	-0.455652
11.240000	-0.447173
11.250000	-0.438650
11.260000	-0.430084
11.270000	-0.421477
11.280000	-0.412829
11.290000	-0.404141
11.300000	-0.395414
11.310000	-0.386648
11.320000	-0.377844
11.330000	-0.369004
11.340000	-0.360127
11.350000	-0.351215
11.360000	-0.342269
11.370000	-0.333289
11.380000	-0.324277
11.390000	-0.315232
11.400000	-0.306157
11.410000	-0.297051
11.420000	-0.287916
11.430000	-0.278753
11.440000	-0.269562
11.450000	-0.260345
11.460000	-0.251102
11.470000	-0.241834
11.480000	-0.232542
11.490000	-0.223227
11.500000	-0.213890
11.510000	-0.204532
11.520000	-0.195153
11.530000	-0.185755
11.540000	-0.176339
11.550000	-0.166905
11.560000	-0.157454
11.570000	-0.147988
11.580000	-0.138507
11.590000	-0.129012
11.600000	-0.119504
11.610000	-0.109985
11.620000	-0.100454
11.630000	-0.090913
11.640000	-0.081364
11.650000	-0.071806
11.660000	-0.062241
11.670000	-0.052669
11.680000	-0.043093
11.690000	-0.033512
11.700000	-0.023928
11.710000	-0.014341
11.720000	-0.004753
11.730000	0.004835
11.740000	0.014423
11.750000	0.024010
11.760000	0.033594
11.770000	0.043175
11.780000	0.052751
11.790000	0.062322
11.800000	0.071887
11.810000	0.081445
11.820000	0.090995
11.830000	0.100535
11.840000	0.110066
11.850000	0.119585
11.860000	0.129093
11.870000	0.138588
11.880000	0.148069
11.890000	0.157535
11.900000	0.166985
11.910000	0.176419
11.920000	0.185835
11.930000	0.195233
11.940000	0.204612
11.950000	0.213970
11.960000	0.223307
11.970000	0.232621
11.980000	0.241913
11.990000	0.251181
12.000000	0.260424
12.010000	0.269641
12.020000	0.278831
12.030000	0.287994
12.040000	0.297129
12.050000	0.306234
12.060000	0.315309
12.070000	0.324353
12.080000	0.333366
12.090000	0.342345
12.100000	0.351291
12.110000	0.360203
12.120000	0.369079
12.130000	0.377919
12.140000	0.386723
12.150000	0.395488
12.160000	0.404215
12.170000	0.412903
12.180000	0.421551
12.190000	0.430158
12.200000	0.438723
12.210000	0.447245
12.220000	0.455724
12.230000	0.464160
12.240000	0.472550
12.250000	0.480895
12.260000	0.489194
12.270000	0.497446
12.280000	0.505650
12.290000	0.513805
12.300000	0.521912
12.310000	0.529968
12.320000	0.537975
12.330000	0.545929
12.340000	0.553832
12.350000	0.561683
12.360000	0.569480
12.370000	0.577223
12.380000	0.584911
12.390000	0.592545
12.400000	0.600122
12.410000	0.607643
12.420000	0.615107
12.430000	0.622513
12.440000	0.629861
12.450000	0.637150
12.460000	0.644380
12.470000	0.651549
12.480000	0.658658
12.490000	0.665706
12.500000	0.672691
12.510000	0.679615
12.520000	0.686476
12.530000	0.693273
12.540000	0.700006
12.550000	0.706675
12.560000	0.713279
12.570000	0.719818
12.580000	0.726291
12.590000	0.732697
12.600000	0.739036
12.610000	0.745309
12.620000	0.751513
12.630000	0.757649
12.640000	0.763716
12.650000	0.769714
12.660000	0.775642
12.670000	0.781501
12.680000	0.787289
12.690000	0.793006
12.700000	0.798652
12.710000	0.804226
12.720000	0.809729
12.730000	0.815158
12.740000	0.820516
12.750000	0.825799
12.760000	0.831010
12.770000	0.836146
12.780000	0.841209
12.790000	0.846197
12.800000	0.851110
12.810000	0.855947
12.820000	0.860709
12.830000	0.865396
12.840000	0.870006
12.850000	0.874540
12.860000	0.878997
12.870000	0.883377
12.880000	0.887680
12.890000	0.891905
12.900000	0.896053
12.910000	0.900122
12.920000	0.904113
12.930000	0.908025
12.940000	0.911859
12.950000	0.915613
12.960000	0.919289
12.970000	0.922884
12.980000	0.926400
12.990000	0.929836
13.000000	0.933192
13.010000	0.936468
13.020000	0.939662
13.030000	0.942777
13.040000	0.945810
13.050000	0.948762
13.060000	0.951633
13.070000	0.954423
13.080000	0.957131
13.090000	0.959757
13.100000	0.962301
13.110000	0.964763
13.120000	0.967143
13.130000	0.969441
13.140000	0.971656
13.150000	0.973789
13.160000	0.975839
13.170000	0.977806
13.180000	0.979690
13.190000	0.981491
13.200000	0.983209
13.210000	0.984844
13.220000	0.986395
13.230000	0.987864
13.240000	0.989248
13.250000	0.990549
13.260000	0.991767
13.270000	0.992900
13.280000	0.993950
13.290000	0.994916
13.300000	0.995799
13.310000	0.996597
13.320000	0.997311
13.330000	0.997942
13.340000	0.998488
13.350000	0.998950
13.360000	0.999329
13.370000	0.999623
13.380000	0.999833
13.390000	0.999958
13.400000	1.000000
13.410000	0.999958
13.420000	0.999831
13.430000	0.999620
13.440000	0.999325
13.450000	0.998946
13.460000	0.998483
13.470000	0.997936
13.480000	0.997305
13.490000	0.996590
13.500000	0.995790
13.510000	0.994907
13.520000	0.993940
13.530000	0.992890
13.540000	0.991755
13.550000	0.990537
13.560000	0.989235
13.570000	0.987850
13.580000	0.986381
13.590000	0.984828
13.600000	0.983193
13.610000	0.981474
13.620000	0.979672
13.630000	0.977787
13.640000	0.975819
13.650000	0.973768
13.660000	0.971635
13.670000	0.969419
13.680000	0.967120
13.690000	0.964740
13.700000	0.962277
13.710000	0.959732
13.720000	0.957105
13.730000	0.954396
13.740000	0.951606
13.750000	0.948734
13.760000	0.945781
13.770000	0.942747
13.780000	0.939632
13.790000	0.936436
13.800000	0.933160
13.810000	0.929803
13.820000	0.926366
13.830000	0.922850
13.840000	0.919253
13.850000	0.915577
13.860000	0.911822
13.870000	0.907988
13.880000	0.904074
13.890000	0.900083
13.900000	0.896013
13.910000	0.891864
13.920000	0.887638
13.930000	0.883335
13.940000	0.878954
13.950000	0.874496
13.960000	0.869962
13.970000	0.865351
13.980000	0.860664
13.990000	0.855901
14.000000	0.851062
14.010000	0.846148
14.020000	0.841160
14.030000	0.836097
14.040000	0.830960
14.050000	0.825748
14.060000	0.820464
14.070000	0.815106
14.080000	0.809675
14.090000	0.804172
14.100000	0.798597
14.110000	0.792951
14.120000	0.787233
14.130000	0.781444
14.140000	0.775585
14.150000	0.769656
14.160000	0.763657
14.170000	0.757589
14.180000	0.751453
14.190000	0.745248
14.200000	0.738975
14.210000	0.732635
14.220000	0.726228
14.230000	0.719755
14.240000	0.713215
14.250000	0.706611
14.260000	0.699941
14.270000	0.693207
14.280000	0.686409
14.290000	0.679548
14.300000	0.672624
14.310000	0.665637
14.320000	0.658589
14.330000	0.651480
14.340000	0.644310
14.350000	0.637080
14.360000	0.629790
14.370000	0.622441
14.380000	0.615035
14.390000	0.607570
14.400000	0.600049
14.410000	0.592471
14.420000	0.584837
14.430000	0.577148
14.440000	0.569404
14.450000	0.561606
14.460000	0.553756
14.470000	0.545852
14.480000	0.537897
14.490000	0.529890
14.500000	0.521833
14.510000	0.513726
14.520000	0.505570
14.530000	0.497366
14.540000	0.489113
14.550000	0.480814
14.560000	0.472469
14.570000	0.464078
14.580000	0.455642
14.590000	0.447162
14.600000	0.438639
14.610000	0.430074
14.620000	0.421467
14.630000	0.412819
14.640000	0.404131
14.650000	0.395403
14.660000	0.386637
14.670000	0.377833
14.680000	0.368993
14.690000	0.360116
14.700000	0.351204
14.710000	0.342258
14.720000	0.333278
14.730000	0.324266
14.740000	0.315221
14.750000	0.306146
14.760000	0.297040
14.770000	0.287905
14.780000	0.278742
14.790000	0.269551
14.800000	0.260334
14.810000	0.251091
14.820000	0.241823
14.830000	0.232531
14.840000	0.223216
14.850000	0.213879
14.860000	0.204520
14.870000	0.195142
14.880000	0.185744
14.890000	0.176327
14.900000	0.166893
14.910000	0.157443
14.920000	0.147976
14.930000	0.138495
14.940000	0.129000
14.950000	0.119493
14.960000	0.109973
14.970000	0.100442
14.980000	0.090902
14.990000	0.081352
15.000000	0.071794
15.010000	0.062229
15.020000	0.052658
15.030000	0.043081
15.040000	0.033500
15.050000	0.023916
15.060000	0.014330
15.070000	0.004742
15.080000	-0.004847
15.090000	-0.014435
15.100000	-0.024021
15.110000	-0.033605
15.120000	-0.043186
15.130000	-0.052763
15.140000	-0.062334
15.150000	-0.071899
15.160000	-0.081457
15.170000	-0.091006
15.180000	-0.100547
15.190000	-0.110077
15.200000	-0.119597
15.210000	-0.129104
15.220000	-0.138599
15.230000	-0.148080
15.240000	-0.157546
15.250000	-0.166997
15.260000	-0.176431
15.270000	-0.185847
15.280000	-0.195245
15.290000	-0.204623
15.300000	-0.213981
15.310000	-0.223318
15.320000	-0.232633
15.330000	-0.241924
15.340000	-0.251192
15.350000	-0.260435
15.360000	-0.269652
15.370000	-0.278842
15.380000	-0.288005
15.390000	-0.297140
15.400000	-0.306245
15.410000	-0.315320
15.420000	-0.324364
15.430000	-0.333377
15.440000	-0.342356
15.450000	-0.351302
15.460000	-0.360214
15.470000	-0.369090
15.480000	-0.377930
15.490000	-0.386733
15.500000	-0.395499
15.510000	-0.404226
15.520000	-0.412914
15.530000	-0.421561
15.540000	-0.430168
15.550000	-0.438733
15.560000	-0.447255
15.570000	-0.455735
15.580000	-0.464170
15.590000	-0.472560
15.600000	-0.480905
15.610000	-0.489204
15.620000	-0.497456
15.630000	-0.505660
15.640000	-0.513815
15.650000	-0.521922
15.660000	-0.529978
15.670000	-0.537984
15.680000	-0.545939
15.690000	-0.553842
15.700000	-0.561692
15.710000	-0.569489
15.720000	-0.577232
15.730000	-0.584921
15.740000	-0.592554
15.750000	-0.600131
15.760000	-0.607652
15.770000	-0.615116
15.780000	-0.622522
15.790000	-0.629870
15.800000	-0.637159
15.810000	-0.644389
15.820000	-0.651558
15.830000	-0.658667
15.840000	-0.665714
15.850000	-0.672700
15.860000	-0.679623
15.870000	-0.686484
15.880000	-0.693281
15.890000	-0.700015
15.900000	-0.706683
15.910000	-0.713287
15.920000	-0.719826
15.930000	-0.726299
15.940000	-0.732705
15.950000	-0.739044
15.960000	-0.745316
15.970000	-0.751520
15.980000	-0.757656
15.990000	-0.763723
16.000000	-0.769721
16.010000	-0.775650
16.020000	-0.781508
16.030000	-0.787296
16.040000	-0.793013
16.050000	-0.798659
16.060000	-0.804233
16.070000	-0.809735
16.080000	-0.815165
16.090000	-0.820522
16.100000	-0.825806
16.110000	-0.831016
16.120000	-0.836153
16.130000	-0.841215
16.140000	-0.846203
16.150000	-0.851115
16.160000	-0.855953
16.170000	-0.860715
16.180000	-0.865402
16.190000	-0.870012
16.200000	-0.874545
16.210000	-0.879002
16.220000	-0.883382
16.230000	-0.887685
16.240000	-0.891910
16.250000	-0.896058
16.260000	-0.900127
16.270000	-0.904118
16.280000	-0.908030
16.290000	-0.911863
16.300000	-0.915618
16.310000	-0.919293
16.320000	-0.922889
16.330000	-0.926404
16.340000	-0.929840
16.350000	-0.933196
16.360000	-0.936471
16.370000	-0.939666
16.380000	-0.942780
16.390000	-0.945814
16.400000	-0.948766
16.410000	-0.951637
16.420000	-0.954426
16.430000	-0.957134
16.440000	-0.959760
16.450000	-0.962304
16.460000	-0.964766
16.470000	-0.967146
16.480000	-0.969444
16.490000	-0.971659
16.500000	-0.973791
16.510000	-0.975841
16.520000	-0.977808
16.530000	-0.979692
16.540000	-0.981493
16.550000	-0.983211
16.560000	-0.984846
16.570000	-0.986397
16.580000	-0.987865
16.590000	-0.989250
16.600000	-0.990551
16.610000	-0.991768
16.620000	-0.992902
16.630000	-0.993951
16.640000	-0.994918
16.650000	-0.995800
16.660000	-0.996598
16.670000	-0.997312
16.680000	-0.997942
16.690000	-0.998489
16.700000	-0.998951
16.710000	-0.999329
16.720000	-0.999623
16.730000	-0.999833
16.740000	-0.999958
16.750000	-1.000000
16.760000	-0.999957
16.770000	-0.999831
16.780000	-0.999620
16.790000	-0.999325
16.800000	-0.998946
16.810000	-0.998483
16.820000	-0.997935
16.830000	-0.997304
16.840000	-0.996589
16.850000	-0.995789
16.860000	-0.994906
16.870000	-0.993939
16.880000	-0.992888
16.890000	-0.991754
16.900000	-0.990535
16.910000	-0.989233
16.920000	-0.987848
16.930000	-0.986379
16.940000	-0.984827
16.950000	-0.983191
16.960000	-0.981472
16.970000	-0.979670
16.980000	-0.977785
16.990000	-0.975817
17.000000	-0.973766
17.010000	-0.971632
17.020000	-0.969416
17.030000	-0.967118
17.040000	-0.964737
17.050000	-0.962274
17.060000	-0.959728
17.070000	-0.957101
17.080000	-0.954393
17.090000	-0.951602
17.100000	-0.948730
17.110000	-0.945777
17.120000	-0.942743
17.130000	-0.939628
17.140000	-0.936432
17.150000	-0.933156
17.160000	-0.929799
17.170000	-0.926362
17.180000	-0.922845
17.190000	-0.919249
17.200000	-0.915573
17.210000	-0.911817
17.220000	-0.907983
17.230000	-0.904070
17.240000	-0.900078
17.250000	-0.896008
17.260000	-0.891859
17.270000	-0.887633
17.280000	-0.883330
17.290000	-0.878949
17.300000	-0.874491
17.310000	-0.869956
17.320000	-0.865345
17.330000	-0.860658
17.340000	-0.855895
17.350000	-0.851056
17.360000	-0.846142
17.370000	-0.841154
17.380000	-0.836091
17.390000	-0.830953
17.400000	-0.825742
17.410000	-0.820457
17.420000	-0.815099
17.430000	-0.809669
17.440000	-0.804166
17.450000	-0.798591
17.460000	-0.792944
17.470000	-0.787226
17.480000	-0.781437
17.490000	-0.775578
17.500000	-0.769649
17.510000	-0.763650
17.520000	-0.757582
17.530000	-0.751445
17.540000	-0.745240
17.550000	-0.738967
17.560000	-0.732627
17.570000	-0.726220
17.580000	-0.719747
17.590000	-0.713207
17.600000	-0.706603
17.610000	-0.699933
17.620000	-0.693199
17.630000	-0.686401
17.640000	-0.679540
17.650000	-0.672615
17.660000	-0.665629
17.670000	-0.658580
17.680000	-0.651471
17.690000	-0.644301
17.700000	-0.637071
17.710000	-0.629781
17.720000	-0.622432
17.730000	-0.615026
17.740000	-0.607561
17.750000	-0.600039
17.760000	-0.592461
17.770000	-0.584827
17.780000	-0.577138
17.790000	-0.569395
17.800000	-0.561597
17.810000	-0.553746
17.820000	-0.545843
17.830000	-0.537887
17.840000	-0.529881
17.850000	-0.521823
17.860000	-0.513716
17.870000	-0.505560
17.880000	-0.497356
17.890000	-0.489103
17.900000	-0.480804
17.910000	-0.472459
17.920000	-0.464068
17.930000	-0.455632
17.940000	-0.447152
17.950000	-0.438629
17.960000	-0.430064
17.970000	-0.421456
17.980000	-0.412808
17.990000	-0.404120
18.000000	-0.395392
18.010000	-0.386626
18.020000	-0.377823
18.030000	-0.368982
18.040000	-0.360105
18.050000	-0.351193
18.060000	-0.342247
18.070000	-0.333267
18.080000	-0.324255
18.090000	-0.315210
18.100000	-0.306135
18.110000	-0.297029
18.120000	-0.287894
18.130000	-0.278731
18.140000	-0.269540
18.150000	-0.260323
18.160000	-0.251079
18.170000	-0.241811
18.180000	-0.232520
18.190000	-0.223205
18.200000	-0.213867
18.210000	-0.204509
18.220000	-0.195130
18.230000	-0.185732
18.240000	-0.176316
18.250000	-0.166882
18.260000	-0.157431
18.270000	-0.147965
18.280000	-0.138484
18.290000	-0.128989
18.300000	-0.119481
18.310000	-0.109961
18.320000	-0.100431
18.330000	-0.090890
18.340000	-0.081340
18.350000	-0.071782
18.360000	-0.062217
18.370000	-0.052646
18.380000	-0.043070
18.390000	-0.033489
18.400000	-0.023905
18.410000	-0.014318
18.420000	-0.004730
18.430000	0.004858
18.440000	0.014446
18.450000	0.024033
18.460000	0.033617
18.470000	0.043198
18.480000	0.052774
18.490000	0.062345
18.500000	0.071910
18.510000	0.081468
18.520000	0.091018
18.530000	0.100558
18.540000	0.110089
18.550000	0.119608
18.560000	0.129116
18.570000	0.138611
18.580000	0.148092
18.590000	0.157558
18.600000	0.167008
18.610000	0.176442
18.620000	0.185858
18.630000	0.195256
18.640000	0.204634
18.650000	0.213993
18.660000	0.223329
18.670000	0.232644
18.680000	0.241936
18.690000	0.251203
18.700000	0.260446
18.710000	0.269663
18.720000	0.278854
18.730000	0.288017
18.740000	0.297151
18.750000	0.306256
18.760000	0.315331
18.770000	0.324375
18.780000	0.333388
18.790000	0.342367
18.800000	0.351313
18.810000	0.360224
18.820000	0.369101
18.830000	0.377941
18.840000	0.386744
18.850000	0.395510
18.860000	0.404237
18.870000	0.412924
18.880000	0.421572
18.890000	0.430178
18.900000	0.438743
18.910000	0.447266
18.920000	0.455745
18.930000	0.464180
18.940000	0.472571
18.950000	0.480915
18.960000	0.489214
18.970000	0.497466
18.980000	0.505670
18.990000	0.513825
19.000000	0.521932
19.010000	0.529988
19.020000	0.537994
19.030000	0.545949
19.040000	0.553851
19.050000	0.561702
19.060000	0.569499
19.070000	0.577241
19.080000	0.584930
19.090000	0.592563
19.100000	0.600140
19.110000	0.607661
19.120000	0.615125
19.130000	0.622531
19.140000	0.629879
19.150000	0.637168
19.160000	0.644397
19.170000	0.651567
19.180000	0.658675
19.190000	0.665723
19.200000	0.672708
19.210000	0.679632
19.220000	0.686492
19.230000	0.693289
19.240000	0.700023
19.250000	0.706692
19.260000	0.713295
19.270000	0.719834
19.280000	0.726306
19.290000	0.732713
19.300000	0.739052
19.310000	0.745324
19.320000	0.751528
19.330000	0.757664
19.340000	0.763731
19.350000	0.769728
19.360000	0.775657
19.370000	0.781515
19.380000	0.787303
19.390000	0.793020
19.400000	0.798666
19.410000	0.804240
19.420000	0.809742
19.430000	0.815172
19.440000	0.820529
19.450000	0.825812
19.460000	0.831023
19.470000	0.836159
19.480000	0.841221
19.490000	0.846209
19.500000	0.851121
19.510000	0.855959
19.520000	0.860721
19.530000	0.865407
19.540000	0.870017
19.550000	0.874551
19.560000	0.879008
19.570000	0.883388
19.580000	0.887690
19.590000	0.891915
19.600000	0.896063
19.610000	0.900132
19.620000	0.904122
19.630000	0.908035
19.640000	0.911868
19.650000	0.915622
19.660000	0.919297
19.670000	0.922893
19.680000	0.926409
19.690000	0.929844
19.700000	0.933200
19.710000	0.936475
19.720000	0.939670
19.730000	0.942784
19.740000	0.945817
19.750000	0.948769
19.760000	0.951640
19.770000	0.954429
19.780000	0.957137
19.790000	0.959763
19.800000	0.962307
19.810000	0.964769
19.820000	0.967149
19.830000	0.969446
19.840000	0.971661
19.850000	0.973794
19.860000	0.975844
19.870000	0.977810
19.880000	0.979694
19.890000	0.981495
19.900000	0.983213
19.910000	0.984848
19.920000	0.986399
19.930000	0.987867
19.940000	0.989251
19.950000	0.990552
19.960000	0.991769
19.970000	0.992903
19.980000	0.993953
19.990000	0.994919
20.000000	0.995801
20.010000	0.996599
20.020000	0.997313
20.030000	0.997943
20.040000	0.998489
20.050000	0.998951
20.060000	0.999329
20.070000	0.999623
20.080000	0.999833
20.090000	0.999959
20.100000	1.000000
20.110000	0.999957
20.120000	0.999830
20.130000	0.999620
20.140000	0.999324
20.150000	0.998945
20.160000	0.998482
20.170000	0.997935
20.180000	0.997303
20.190000	0.996588
20.200000	0.995788
20.210000	0.994905
20.220000	0.993938
20.230000	0.992887
20.240000	0.991752
20.250000	0.990534
20.260000	0.989232
20.270000	0.987846
20.280000	0.986377
20.290000	0.984825
20.300000	0.983189
20.310000	0.981470
20.320000	0.979668
20.330000	0.977782
20.340000	0.975814
20.350000	0.973763
20.360000	0.971630
20.370000	0.969413
20.380000	0.967115
20.390000	0.964734
20.400000	0.962271
20.410000	0.959725
20.420000	0.957098
20.430000	0.954389
20.440000	0.951599
20.450000	0.948727
20.460000	0.945774
20.470000	0.942739
20.480000	0.939624
20.490000	0.936428
20.500000	0.933152
20.510000	0.929795
20.520000	0.926358
20.530000	0.922841
20.540000	0.919244
20.550000	0.915568
20.560000	0.911813
20.570000	0.907978
20.580000	0.904065
20.590000	0.900073
20.600000	0.896003
20.610000	0.891854
20.620000	0.887628
20.630000	0.883324
20.640000	0.878943
20.650000	0.874485
20.660000	0.869950
20.670000	0.865339
20.680000	0.860652
20.690000	0.855889
20.700000	0.851050
20.710000	0.846136
20.720000	0.841148
20.730000	0.836084
20.740000	0.830947
20.750000	0.825736
20.760000	0.820451
20.770000	0.815093
20.780000	0.809662
20.790000	0.804159
20.800000	0.798584
20.810000	0.792937
20.820000	0.787219
20.830000	0.781430
20.840000	0.775571
20.850000	0.769641
20.860000	0.763643
20.870000	0.757574
20.880000	0.751438
20.890000	0.745233
20.900000	0.738960
20.910000	0.732620
20.920000	0.726212
20.930000	0.719739
20.940000	0.713199
20.950000	0.706595
20.960000	0.699925
20.970000	0.693191
20.980000	0.686393
20.990000	0.679531
21.000000	0.672607
21.010000	0.665620
21.020000	0.658572
21.030000	0.651462
21.040000	0.644292
21.050000	0.637062
21.060000	0.629772
21.070000	0.622424
21.080000	0.615017
21.090000	0.607552
21.100000	0.600030
21.110000	0.592452
21.120000	0.584818
21.130000	0.577129
21.140000	0.569385
21.150000	0.561587
21.160000	0.553736
21.170000	0.545833
21.180000	0.537877
21.190000	0.529871
21.200000	0.521814
21.210000	0.513706
21.220000	0.505550
21.230000	0.497346
21.240000	0.489093
21.250000	0.480794
21.260000	0.472448
21.270000	0.464057
21.280000	0.455622
21.290000	0.447142
21.300000	0.438619
21.310000	0.430053
21.320000	0.421446
21.330000	0.412798
21.340000	0.404109
21.350000	0.395382
21.360000	0.386616
21.370000	0.377812
21.380000	0.368971
21.390000	0.360095
21.400000	0.351183
21.410000	0.342236
21.420000	0.333256
21.430000	0.324244
21.440000	0.315199
21.450000	0.306124
21.460000	0.297018
21.470000	0.287883
21.480000	0.278720
21.490000	0.269529
21.500000	0.260311
21.510000	0.251068
21.520000	0.241800
21.530000	0.232508
21.540000	0.223193
21.550000	0.213856
21.560000	0.204498
21.570000	0.195119
21.580000	0.185721
21.590000	0.176304
21.600000	0.166870
21.610000	0.157420
21.620000	0.147953
21.630000	0.138472
21.640000	0.128977
21.650000	0.119469
21.660000	0.109950
21.670000	0.100419
21.680000	0.090878
21.690000	0.081329
21.700000	0.071771
21.710000	0.062206
21.720000	0.052635
21.730000	0.043058
21.740000	0.033477
21.750000	0.023893
21.760000	0.014306
21.770000	0.004718
21.780000	-0.004870
21.790000	-0.014458
21.800000	-0.024045
21.810000	-0.033629
21.820000	-0.043209
21.830000	-0.052786
21.840000	-0.062357
21.850000	-0.071922
21.860000	-0.081480
21.870000	-0.091029
21.880000	-0.100570
21.890000	-0.110100
21.900000	-0.119620
21.910000	-0.129128
21.920000	-0.138622
21.930000	-0.148103
21.940000	-0.157569
21.950000	-0.167020
21.960000	-0.176453
21.970000	-0.185870
21.980000	-0.195267
21.990000	-0.204646
22.000000	-0.214004
22.010000	-0.223341
22.020000	-0.232655
22.030000	-0.241947
22.040000	-0.251215
22.050000	-0.260457
22.060000	-0.269674
22.070000	-0.278865
22.080000	-0.288028
22.090000	-0.297162
22.100000	-0.306267
22.110000	-0.315342
22.120000	-0.324386
22.130000	-0.333399
22.140000	-0.342378
22.150000	-0.351324
22.160000	-0.360235
22.170000	-0.369111
22.180000	-0.377952
22.190000	-0.386755
22.200000	-0.395520
22.210000	-0.404247
22.220000	-0.412935
22.230000	-0.421582
22.240000	-0.430189
22.250000	-0.438754
22.260000	-0.447276
22.270000	-0.455755
22.280000	-0.464190
22.290000	-0.472581
22.300000	-0.480926
22.310000	-0.489224
22.320000	-0.497476
22.330000	-0.505680
22.340000	-0.513835
22.350000	-0.521941
22.360000	-0.529998
22.370000	-0.538004
22.380000	-0.545958
22.390000	-0.553861
22.400000	-0.561711
22.410000	-0.569508
22.420000	-0.577251
22.430000	-0.584939
22.440000	-0.592572
22.450000	-0.600150
22.460000	-0.607670
22.470000	-0.615134
22.480000	-0.622540
22.490000	-0.629888
22.500000	-0.637177
22.510000	-0.644406
22.520000	-0.651575
22.530000	-0.658684
22.540000	-0.665731
22.550000	-0.672717
22.560000	-0.679640
22.570000	-0.686501
22.580000	-0.693298
22.590000	-0.700031
22.600000	-0.706700
22.610000	-0.713303
22.620000	-0.719842
22.630000	-0.726314
22.640000	-0.732720
22.650000	-0.739059
22.660000	-0.745331
22.670000	-0.751535
22.680000	-0.757671
22.690000	-0.763738
22.700000	-0.769736
22.710000	-0.775664
22.720000	-0.781522
22.730000	-0.787310
22.740000	-0.793027
22.750000	-0.798673
22.760000	-0.804247
22.770000	-0.809749
22.780000	-0.815178
22.790000	-0.820535
22.800000	-0.825819
22.810000	-0.831029
22.820000	-0.836165
22.830000	-0.841227
22.840000	-0.846215
22.850000	-0.851127
22.860000	-0.855965
22.870000	-0.860727
22.880000	-0.865413
22.890000	-0.870023
22.900000	-0.874556
22.910000	-0.879013
22.920000	-0.883393
22.930000	-0.887695
22.940000	-0.891920
22.950000	-0.896068
22.960000	-0.900137
22.970000	-0.904127
22.980000	-0.908039
22.990000	-0.911873
23.000000	-0.915627
23.010000	-0.919302
23.020000	-0.922897
23.030000	-0.926413
23.040000	-0.929849
23.050000	-0.933204
23.060000	-0.936479
23.070000	-0.939674
23.080000	-0.942788
23.090000	-0.945821
23.100000	-0.948773
23.110000	-0.951643
23.120000	-0.954433
23.130000	-0.957140
23.140000	-0.959766
23.150000	-0.962310
23.160000	-0.964772
23.170000	-0.967152
23.180000	-0.969449
23.190000	-0.971664
23.200000	-0.973796
23.210000	-0.975846
23.220000	-0.977813
23.230000	-0.979697
23.240000	-0.981498
23.250000	-0.983215
23.260000	-0.984850
23.270000	-0.986401
23.280000	-0.987869
23.290000	-0.989253
23.300000	-0.990554
23.310000	-0.991771
23.320000	-0.992904
23.330000	-0.993954
23.340000	-0.994920
23.350000	-0.995802
23.360000	-0.996600
23.370000	-0.997314
23.380000	-0.997944
23.390000	-0.998490
23.400000	-0.998952
23.410000	-0.999330
23.420000	-0.999624
23.430000	-0.999833
23.440000	-0.999959
23.450000	-1.000000
23.460000	-0.999957
23.470000	-0.999830
23.480000	-0.999619
23.490000	-0.999324
23.500000	-0.998945
23.510000	-0.998481
23.520000	-0.997934
23.530000	-0.997302
23.540000	-0.996587
23.550000	-0.995787
23.560000	-0.994904
23.570000	-0.993937
23.580000	-0.992886
23.590000	-0.991751
23.600000	-0.990532
23.610000	-0.989230
23.620000	-0.987844
23.630000	-0.986375
23.640000	-0.984823
23.650000	-0.983187
23.660000	-0.981468
23.670000	-0.979665
23.680000	-0.977780
23.690000	-0.975812
23.700000	-0.973761
23.710000	-0.971627
23.720000	-0.969411
23.730000	-0.967112
23.740000	-0.964731
23.750000	-0.962267
23.760000	-0.959722
23.770000	-0.957095
23.780000	-0.954386
23.790000	-0.951595
23.800000	-0.948723
23.810000	-0.945770
23.820000	-0.942736
23.830000	-0.939620
23.840000	-0.936424
23.850000	-0.933148
23.860000	-0.929791
23.870000	-0.926354
23.880000	-0.922837
23.890000	-0.919240
23.900000	-0.915564
23.910000	-0.911808
23.920000	-0.907973
23.930000	-0.904060
23.940000	-0.900068
23.950000	-0.895998
23.960000	-0.891849
23.970000	-0.887623
23.980000	-0.883319
23.990000	-0.878938
24.000000	-0.874480
24.010000	-0.869945
24.020000	-0.865334
24.030000	-0.860646
24.040000	-0.855883
24.050000	-0.851044
24.060000	-0.846130
24.070000	-0.841142
24.080000	-0.836078
24.090000	-0.830941
24.100000	-0.825729
24.110000	-0.820444
24.120000	-0.815086
24.130000	-0.809655
24.140000	-0.804152
24.150000	-0.798577
24.160000	-0.792930
24.170000	-0.787212
24.180000	-0.781423
24.190000	-0.775564
24.200000	-0.769634
24.210000	-0.763635
24.220000	-0.757567
24.230000	-0.751430
24.240000	-0.745225
24.250000	-0.738952
24.260000	-0.732612
24.270000	-0.726205
24.280000	-0.719731
24.290000	-0.713191
24.300000	-0.706587
24.310000	-0.699917
24.320000	-0.693182
24.330000	-0.686384
24.340000	-0.679523
24.350000	-0.672598
24.360000	-0.665612
24.370000	-0.658563
24.380000	-0.651454
24.390000	-0.644283
24.400000	-0.637053
24.410000	-0.629763
24.420000	-0.622415
24.430000	-0.615008
24.440000	-0.607543
24.450000	-0.600021
24.460000	-0.592443
24.470000	-0.584809
24.480000	-0.577119
24.490000	-0.569376
24.500000	-0.561578
24.510000	-0.553727
24.520000	-0.545823
24.530000	-0.537868
24.540000	-0.529861
24.550000	-0.521804
24.560000	-0.513697
24.570000	-0.505540
24.580000	-0.497336
24.590000	-0.489083
24.600000	-0.480784
24.610000	-0.472438
24.620000	-0.464047
24.630000	-0.455611
24.640000	-0.447131
24.650000	-0.438608
24.660000	-0.430043
24.670000	-0.421435
24.680000	-0.412787
24.690000	-0.404099
24.700000	-0.395371
24.710000	-0.386605
24.720000	-0.377801
24.730000	-0.368961
24.740000	-0.360084
24.750000	-0.351172
24.760000	-0.342225
24.770000	-0.333245
24.780000	-0.324233
24.790000	-0.315188
24.800000	-0.306112
24.810000	-0.297007
24.820000	-0.287872
24.830000	-0.278708
24.840000	-0.269518
24.850000	-0.260300
24.860000	-0.251057
24.870000	-0.241789
24.880000	-0.232497
24.890000	-0.223182
24.900000	-0.213845
24.910000	-0.204486
24.920000	-0.195108
24.930000	-0.185709
24.940000	-0.176293
24.950000	-0.166859
24.960000	-0.157408
24.970000	-0.147942
24.980000	-0.138461
24.990000	-0.128966
25.000000	-0.119458
