0.000000	0.000000
0.010000	-0.008415
0.020000	-0.016829
0.030000	-0.025242
0.040000	-0.033654
0.050000	-0.042064
0.060000	-0.050472
0.070000	-0.058877
0.080000	-0.067279
0.090000	-0.075677
0.100000	-0.084071
0.110000	-0.092461
0.120000	-0.100845
0.130000	-0.109224
0.140000	-0.117597
0.150000	-0.125964
0.160000	-0.134324
0.170000	-0.142676
0.180000	-0.151020
0.190000	-0.159357
0.200000	-0.167684
0.210000	-0.176002
0.220000	-0.184310
0.230000	-0.192608
0.240000	-0.200895
0.250000	-0.209171
0.260000	-0.217436
0.270000	-0.225687
0.280000	-0.233927
0.290000	-0.242153
0.300000	-0.250365
0.310000	-0.258562
0.320000	-0.266745
0.330000	-0.274913
0.340000	-0.283065
0.350000	-0.291200
0.360000	-0.299318
0.370000	-0.307419
0.380000	-0.315502
0.390000	-0.323566
0.400000	-0.331611
0.410000	-0.339636
0.420000	-0.347641
0.430000	-0.355625
0.440000	-0.363587
0.450000	-0.371528
0.460000	-0.379446
0.470000	-0.387340
0.480000	-0.395211
0.490000	-0.403057
0.500000	-0.410879
0.510000	-0.418674
0.520000	-0.426443
0.530000	-0.434186
0.540000	-0.441901
0.550000	-0.449587
0.560000	-0.457245
0.570000	-0.464873
0.580000	-0.472472
0.590000	-0.480039
0.600000	-0.487575
0.610000	-0.495079
0.620000	-0.502550
0.630000	-0.509987
0.640000	-0.517390
0.650000	-0.524759
0.660000	-0.532092
0.670000	-0.539388
0.680000	-0.546648
0.690000	-0.553870
0.700000	-0.561053
0.710000	-0.568197
0.720000	-0.575302
0.730000	-0.582366
0.740000	-0.589388
0.750000	-0.596368
0.760000	-0.603306
0.770000	-0.610200
0.780000	-0.617050
0.790000	-0.623854
0.800000	-0.630613
0.810000	-0.637325
0.820000	-0.643990
0.830000	-0.650606
0.840000	-0.657174
0.850000	-0.663692
0.860000	-0.670159
0.870000	-0.676576
0.880000	-0.682940
0.890000	-0.689251
0.900000	-0.695509
0.910000	-0.701712
0.920000	-0.707860
0.930000	-0.713952
0.940000	-0.719988
0.950000	-0.725966
0.960000	-0.731885
0.970000	-0.737745
0.980000	-0.743546
0.990000	-0.749286
1.000000	-0.754964
1.010000	-0.760580
1.020000	-0.766132
1.030000	-0.771621
1.040000	-0.777045
1.050000	-0.782404
1.060000	-0.787697
1.070000	-0.792922
1.080000	-0.798080
1.090000	-0.803169
1.100000	-0.808189
1.110000	-0.813139
1.120000	-0.818018
1.130000	-0.822826
1.140000	-0.827561
1.150000	-0.832223
1.160000	-0.836811
1.170000	-0.841325
1.180000	-0.845764
1.190000	-0.850127
1.200000	-0.854413
1.210000	-0.858621
1.220000	-0.862752
1.230000	-0.866804
1.240000	-0.870776
1.250000	-0.874669
1.260000	-0.878480
1.270000	-0.882211
1.280000	-0.885859
1.290000	-0.889425
1.300000	-0.892907
1.310000	-0.896306
1.320000	-0.899620
1.330000	-0.902850
1.340000	-0.905993
1.350000	-0.909051
1.360000	-0.912022
1.370000	-0.914905
1.380000	-0.917701
1.390000	-0.920409
1.400000	-0.923028
1.410000	-0.925558
1.420000	-0.927998
1.430000	-0.930348
1.440000	-0.932607
1.450000	-0.934776
1.460000	-0.936853
1.470000	-0.938839
1.480000	-0.940732
1.490000	-0.942533
1.500000	-0.944241
1.510000	-0.945856
1.520000	-0.947378
1.530000	-0.948806
1.540000	-0.950140
1.550000	-0.951379
1.560000	-0.952525
1.570000	-0.953575
1.580000	-0.954531
1.590000	-0.955392
1.600000	-0.956157
1.610000	-0.956827
1.620000	-0.957402
1.630000	-0.957881
1.640000	-0.958264
1.650000	-0.958552
1.660000	-0.958743
1.670000	-0.958839
1.680000	-0.958839
1.690000	-0.958743
1.700000	-0.958551
1.710000	-0.958264
1.720000	-0.957880
1.730000	-0.957401
1.740000	-0.956826
1.750000	-0.956156
1.760000	-0.955391
1.770000	-0.954530
1.780000	-0.953574
1.790000	-0.952523
1.800000	-0.951378
1.810000	-0.950138
1.820000	-0.948804
1.830000	-0.947376
1.840000	-0.945854
1.850000	-0.944239
1.860000	-0.942531
1.870000	-0.940730
1.880000	-0.938836
1.890000	-0.936851
1.900000	-0.934773
1.910000	-0.932605
1.920000	-0.930345
1.930000	-0.927995
1.940000	-0.925555
1.950000	-0.923025
1.960000	-0.920406
1.970000	-0.917698
1.980000	-0.914902
1.990000	-0.912018
2.000000	-0.909047
2.010000	-0.905989
2.020000	-0.902846
2.030000	-0.899616
2.040000	-0.896302
2.050000	-0.892903
2.060000	-0.889421
2.070000	-0.885855
2.080000	-0.882206
2.090000	-0.878476
2.100000	-0.874664
2.110000	-0.870771
2.120000	-0.866799
2.130000	-0.862747
2.140000	-0.858616
2.150000	-0.854407
2.160000	-0.850121
2.170000	-0.845759
2.180000	-0.841320
2.190000	-0.836806
2.200000	-0.832217
2.210000	-0.827555
2.220000	-0.822820
2.230000	-0.818012
2.240000	-0.813133
2.250000	-0.808183
2.260000	-0.803163
2.270000	-0.798074
2.280000	-0.792916
2.290000	-0.787690
2.300000	-0.782398
2.310000	-0.777039
2.320000	-0.771615
2.330000	-0.766126
2.340000	-0.760573
2.350000	-0.754957
2.360000	-0.749279
2.370000	-0.743539
2.380000	-0.737738
2.390000	-0.731878
2.400000	-0.725958
2.410000	-0.719981
2.420000	-0.713945
2.430000	-0.707853
2.440000	-0.701705
2.450000	-0.695501
2.460000	-0.689243
2.470000	-0.682932
2.480000	-0.676568
2.490000	-0.670151
2.500000	-0.663684
2.510000	-0.657166
2.520000	-0.650598
2.530000	-0.643982
2.540000	-0.637317
2.550000	-0.630605
2.560000	-0.623846
2.570000	-0.617041
2.580000	-0.610192
2.590000	-0.603298
2.600000	-0.596360
2.610000	-0.589380
2.620000	-0.582357
2.630000	-0.575293
2.640000	-0.568189
2.650000	-0.561044
2.660000	-0.553861
2.670000	-0.546639
2.680000	-0.539379
2.690000	-0.532083
2.700000	-0.524750
2.710000	-0.517382
2.720000	-0.509978
2.730000	-0.502541
2.740000	-0.495070
2.750000	-0.487566
2.760000	-0.480030
2.770000	-0.472462
2.780000	-0.464864
2.790000	-0.457236
2.800000	-0.449578
2.810000	-0.441891
2.820000	-0.434176
2.830000	-0.426434
2.840000	-0.418665
2.850000	-0.410869
2.860000	-0.403048
2.870000	-0.395201
2.880000	-0.387331
2.890000	-0.379436
2.900000	-0.371518
2.910000	-0.363578
2.920000	-0.355615
2.930000	-0.347631
2.940000	-0.339626
2.950000	-0.331601
2.960000	-0.323556
2.970000	-0.315492
2.980000	-0.307409
2.990000	-0.299308
3.000000	-0.291190
3.010000	-0.283055
3.020000	-0.274903
3.030000	-0.266735
3.040000	-0.258552
3.050000	-0.250355
3.060000	-0.242143
3.070000	-0.233917
3.080000	-0.225677
3.090000	-0.217425
3.100000	-0.209161
3.110000	-0.200885
3.120000	-0.192598
3.130000	-0.184300
3.140000	-0.175992
3.150000	-0.167674
3.160000	-0.159346
3.170000	-0.151010
3.180000	-0.142666
3.190000	-0.134313
3.200000	-0.125954
3.210000	-0.117587
3.220000	-0.109214
3.230000	-0.100835
3.240000	-0.092451
3.250000	-0.084061
3.260000	-0.075667
3.270000	-0.067269
3.280000	-0.058867
3.290000	-0.050462
3.300000	-0.042054
3.310000	-0.033644
3.320000	-0.025232
3.330000	-0.016819
3.340000	-0.008404
3.350000	0.000010
3.360000	0.008425
3.370000	0.016839
3.380000	0.025252
3.390000	0.033664
3.400000	0.042074
3.410000	0.050482
3.420000	0.058887
3.430000	0.067289
3.440000	0.075687
3.450000	0.084081
3.460000	0.092471
3.470000	0.100855
3.480000	0.109234
3.490000	0.117608
3.500000	0.125974
3.510000	0.134334
3.520000	0.142686
3.530000	0.151031
3.540000	0.159367
3.550000	0.167694
3.560000	0.176012
3.570000	0.184320
3.580000	0.192618
3.590000	0.200905
3.600000	0.209181
3.610000	0.217446
3.620000	0.225698
3.630000	0.233937
3.640000	0.242163
3.650000	0.250375
3.660000	0.258572
3.670000	0.266755
3.680000	0.274923
3.690000	0.283075
3.700000	0.291210
3.710000	0.299328
3.720000	0.307429
3.730000	0.315511
3.740000	0.323576
3.750000	0.331620
3.760000	0.339646
3.770000	0.347650
3.780000	0.355634
3.790000	0.363597
3.800000	0.371537
3.810000	0.379455
3.820000	0.387350
3.830000	0.395220
3.840000	0.403067
3.850000	0.410888
3.860000	0.418684
3.870000	0.426453
3.880000	0.434195
3.890000	0.441910
3.900000	0.449597
3.910000	0.457254
3.920000	0.464883
3.930000	0.472481
3.940000	0.480048
3.950000	0.487584
3.960000	0.495088
3.970000	0.502559
3.980000	0.509996
3.990000	0.517399
4.000000	0.524768
4.010000	0.532101
4.020000	0.539397
4.030000	0.546657
4.040000	0.553878
4.050000	0.561062
4.060000	0.568206
4.070000	0.575310
4.080000	0.582374
4.090000	0.589397
4.100000	0.596377
4.110000	0.603314
4.120000	0.610208
4.130000	0.617058
4.140000	0.623862
4.150000	0.630621
4.160000	0.637333
4.170000	0.643998
4.180000	0.650614
4.190000	0.657182
4.200000	0.663700
4.210000	0.670167
4.220000	0.676583
4.230000	0.682947
4.240000	0.689259
4.250000	0.695516
4.260000	0.701720
4.270000	0.707868
4.280000	0.713960
4.290000	0.719995
4.300000	0.725973
4.310000	0.731892
4.320000	0.737753
4.330000	0.743553
4.340000	0.749293
4.350000	0.754971
4.360000	0.760586
4.370000	0.766139
4.380000	0.771628
4.390000	0.777052
4.400000	0.782411
4.410000	0.787703
4.420000	0.792929
4.430000	0.798086
4.440000	0.803175
4.450000	0.808195
4.460000	0.813145
4.470000	0.818024
4.480000	0.822832
4.490000	0.827567
4.500000	0.832229
4.510000	0.836817
4.520000	0.841331
4.530000	0.845769
4.540000	0.850132
4.550000	0.854418
4.560000	0.858626
4.570000	0.862757
4.580000	0.866809
4.590000	0.870781
4.600000	0.874673
4.610000	0.878485
4.620000	0.882215
4.630000	0.885864
4.640000	0.889429
4.650000	0.892912
4.660000	0.896310
4.670000	0.899624
4.680000	0.902853
4.690000	0.905997
4.700000	0.909054
4.710000	0.912025
4.720000	0.914909
4.730000	0.917705
4.740000	0.920412
4.750000	0.923031
4.760000	0.925561
4.770000	0.928001
4.780000	0.930351
4.790000	0.932610
4.800000	0.934779
4.810000	0.936856
4.820000	0.938841
4.830000	0.940734
4.840000	0.942535
4.850000	0.944243
4.860000	0.945858
4.870000	0.947380
4.880000	0.948807
4.890000	0.950141
4.900000	0.951381
4.910000	0.952526
4.920000	0.953577
4.930000	0.954532
4.940000	0.955393
4.950000	0.956158
4.960000	0.956828
4.970000	0.957402
4.980000	0.957881
4.990000	0.958265
5.000000	0.958552
5.010000	0.958743
5.020000	0.958839
5.030000	0.958839
5.040000	0.958743
5.050000	0.958551
5.060000	0.958263
5.070000	0.957880
5.080000	0.957401
5.090000	0.956826
5.100000	0.956155
5.110000	0.955390
5.120000	0.954529
5.130000	0.953573
5.140000	0.952522
5.150000	0.951377
5.160000	0.950137
5.170000	0.948802
5.180000	0.947374
5.190000	0.945852
5.200000	0.944237
5.210000	0.942529
5.220000	0.940728
5.230000	0.938834
5.240000	0.936848
5.250000	0.934771
5.260000	0.932602
5.270000	0.930342
5.280000	0.927992
5.290000	0.925552
5.300000	0.923022
5.310000	0.920402
5.320000	0.917694
5.330000	0.914898
5.340000	0.912015
5.350000	0.909043
5.360000	0.905986
5.370000	0.902842
5.380000	0.899612
5.390000	0.896298
5.400000	0.892899
5.410000	0.889416
5.420000	0.885850
5.430000	0.882202
5.440000	0.878471
5.450000	0.874659
5.460000	0.870767
5.470000	0.866794
5.480000	0.862742
5.490000	0.858611
5.500000	0.854402
5.510000	0.850116
5.520000	0.845753
5.530000	0.841314
5.540000	0.836800
5.550000	0.832212
5.560000	0.827549
5.570000	0.822814
5.580000	0.818006
5.590000	0.813127
5.600000	0.808177
5.610000	0.803157
5.620000	0.798068
5.630000	0.792910
5.640000	0.787684
5.650000	0.782391
5.660000	0.777032
5.670000	0.771608
5.680000	0.766119
5.690000	0.760566
5.700000	0.754950
5.710000	0.749272
5.720000	0.743532
5.730000	0.737731
5.740000	0.731871
5.750000	0.725951
5.760000	0.719973
5.770000	0.713938
5.780000	0.707845
5.790000	0.701697
5.800000	0.695494
5.810000	0.689236
5.820000	0.682924
5.830000	0.676560
5.840000	0.670144
5.850000	0.663676
5.860000	0.657158
5.870000	0.650590
5.880000	0.643974
5.890000	0.637309
5.900000	0.630596
5.910000	0.623838
5.920000	0.617033
5.930000	0.610183
5.940000	0.603289
5.950000	0.596351
5.960000	0.589371
5.970000	0.582348
5.980000	0.575285
5.990000	0.568180
6.000000	0.561036
6.010000	0.553852
6.020000	0.546630
6.030000	0.539371
6.040000	0.532074
6.050000	0.524741
6.060000	0.517373
6.070000	0.509969
6.080000	0.502532
6.090000	0.495061
6.100000	0.487557
6.110000	0.480021
6.120000	0.472453
6.130000	0.464855
6.140000	0.457227
6.150000	0.449569
6.160000	0.441882
6.170000	0.434167
6.180000	0.426425
6.190000	0.418655
6.200000	0.410860
6.210000	0.403038
6.220000	0.395192
6.230000	0.387321
6.240000	0.379426
6.250000	0.371508
6.260000	0.363568
6.270000	0.355605
6.280000	0.347621
6.290000	0.339616
6.300000	0.331591
6.310000	0.323546
6.320000	0.315482
6.330000	0.307399
6.340000	0.299298
6.350000	0.291180
6.360000	0.283045
6.370000	0.274893
6.380000	0.266725
6.390000	0.258542
6.400000	0.250345
6.410000	0.242133
6.420000	0.233907
6.430000	0.225667
6.440000	0.217415
6.450000	0.209151
6.460000	0.200875
6.470000	0.192588
6.480000	0.184290
6.490000	0.175982
6.500000	0.167664
6.510000	0.159336
6.520000	0.151000
6.530000	0.142656
6.540000	0.134303
6.550000	0.125944
6.560000	0.117577
6.570000	0.109204
6.580000	0.100825
6.590000	0.092440
6.600000	0.084051
6.610000	0.075657
6.620000	0.067258
6.630000	0.058857
6.640000	0.050451
6.650000	0.042044
6.660000	0.033634
6.670000	0.025222
6.680000	0.016808
6.690000	0.008394
6.700000	-0.000020
6.710000	-0.008435
6.720000	-0.016849
6.730000	-0.025263
6.740000	-0.033674
6.750000	-0.042085
6.760000	-0.050492
6.770000	-0.058897
6.780000	-0.067299
6.790000	-0.075698
6.800000	-0.084092
6.810000	-0.092481
6.820000	-0.100866
6.830000	-0.109245
6.840000	-0.117618
6.850000	-0.125984
6.860000	-0.134344
6.870000	-0.142696
6.880000	-0.151041
6.890000	-0.159377
6.900000	-0.167704
6.910000	-0.176022
6.920000	-0.184330
6.930000	-0.192628
6.940000	-0.200916
6.950000	-0.209191
6.960000	-0.217456
6.970000	-0.225708
6.980000	-0.233947
6.990000	-0.242173
7.000000	-0.250385
7.010000	-0.258582
7.020000	-0.266765
7.030000	-0.274933
7.040000	-0.283084
7.050000	-0.291220
7.060000	-0.299338
7.070000	-0.307439
7.080000	-0.315521
7.090000	-0.323585
7.100000	-0.331630
7.110000	-0.339655
7.120000	-0.347660
7.130000	-0.355644
7.140000	-0.363607
7.150000	-0.371547
7.160000	-0.379465
7.170000	-0.387359
7.180000	-0.395230
7.190000	-0.403076
7.200000	-0.410898
7.210000	-0.418693
7.220000	-0.426462
7.230000	-0.434205
7.240000	-0.441919
7.250000	-0.449606
7.260000	-0.457264
7.270000	-0.464892
7.280000	-0.472490
7.290000	-0.480057
7.300000	-0.487593
7.310000	-0.495097
7.320000	-0.502568
7.330000	-0.510005
7.340000	-0.517408
7.350000	-0.524777
7.360000	-0.532110
7.370000	-0.539406
7.380000	-0.546665
7.390000	-0.553887
7.400000	-0.561071
7.410000	-0.568215
7.420000	-0.575319
7.430000	-0.582383
7.440000	-0.589405
7.450000	-0.596385
7.460000	-0.603323
7.470000	-0.610217
7.480000	-0.617066
7.490000	-0.623871
7.500000	-0.630629
7.510000	-0.637341
7.520000	-0.644006
7.530000	-0.650622
7.540000	-0.657190
7.550000	-0.663708
7.560000	-0.670175
7.570000	-0.676591
7.580000	-0.682955
7.590000	-0.689266
7.600000	-0.695524
7.610000	-0.701727
7.620000	-0.707875
7.630000	-0.713967
7.640000	-0.720002
7.650000	-0.725980
7.660000	-0.731899
7.670000	-0.737760
7.680000	-0.743560
7.690000	-0.749299
7.700000	-0.754977
7.710000	-0.760593
7.720000	-0.766146
7.730000	-0.771634
7.740000	-0.777059
7.750000	-0.782417
7.760000	-0.787710
7.770000	-0.792935
7.780000	-0.798093
7.790000	-0.803182
7.800000	-0.808201
7.810000	-0.813151
7.820000	-0.818030
7.830000	-0.822837
7.840000	-0.827572
7.850000	-0.832234
7.860000	-0.836822
7.870000	-0.841336
7.880000	-0.845775
7.890000	-0.850137
7.900000	-0.854423
7.910000	-0.858631
7.920000	-0.862762
7.930000	-0.866813
7.940000	-0.870786
7.950000	-0.874678
7.960000	-0.878490
7.970000	-0.882220
7.980000	-0.885868
7.990000	-0.889433
8.000000	-0.892916
8.010000	-0.896314
8.020000	-0.899628
8.030000	-0.902857
8.040000	-0.906001
8.050000	-0.909058
8.060000	-0.912029
8.070000	-0.914912
8.080000	-0.917708
8.090000	-0.920415
8.100000	-0.923034
8.110000	-0.925564
8.120000	-0.928004
8.130000	-0.930353
8.140000	-0.932613
8.150000	-0.934781
8.160000	-0.936858
8.170000	-0.938843
8.180000	-0.940737
8.190000	-0.942537
8.200000	-0.944245
8.210000	-0.945860
8.220000	-0.947381
8.230000	-0.948809
8.240000	-0.950143
8.250000	-0.951382
8.260000	-0.952527
8.270000	-0.953578
8.280000	-0.954533
8.290000	-0.955394
8.300000	-0.956159
8.310000	-0.956829
8.320000	-0.957403
8.330000	-0.957882
8.340000	-0.958265
8.350000	-0.958552
8.360000	-0.958744
8.370000	-0.958839
8.380000	-0.958839
8.390000	-0.958743
8.400000	-0.958551
8.410000	-0.958263
8.420000	-0.957879
8.430000	-0.957400
8.440000	-0.956825
8.450000	-0.956155
8.460000	-0.955389
8.470000	-0.954528
8.480000	-0.953572
8.490000	-0.952521
8.500000	-0.951375
8.510000	-0.950135
8.520000	-0.948801
8.530000	-0.947372
8.540000	-0.945850
8.550000	-0.944235
8.560000	-0.942527
8.570000	-0.940725
8.580000	-0.938832
8.590000	-0.936846
8.600000	-0.934768
8.610000	-0.932599
8.620000	-0.930339
8.630000	-0.927989
8.640000	-0.925549
8.650000	-0.923018
8.660000	-0.920399
8.670000	-0.917691
8.680000	-0.914895
8.690000	-0.912011
8.700000	-0.909040
8.710000	-0.905982
8.720000	-0.902838
8.730000	-0.899608
8.740000	-0.896294
8.750000	-0.892895
8.760000	-0.889412
8.770000	-0.885846
8.780000	-0.882197
8.790000	-0.878467
8.800000	-0.874655
8.810000	-0.870762
8.820000	-0.866789
8.830000	-0.862737
8.840000	-0.858606
8.850000	-0.854397
8.860000	-0.850111
8.870000	-0.845748
8.880000	-0.841309
8.890000	-0.836795
8.900000	-0.832206
8.910000	-0.827544
8.920000	-0.822808
8.930000	-0.818001
8.940000	-0.813121
8.950000	-0.808171
8.960000	-0.803151
8.970000	-0.798061
8.980000	-0.792903
8.990000	-0.787678
9.000000	-0.782385
9.010000	-0.777026
9.020000	-0.771601
9.030000	-0.766112
9.040000	-0.760559
9.050000	-0.754943
9.060000	-0.749265
9.070000	-0.743525
9.080000	-0.737724
9.090000	-0.731864
9.100000	-0.725944
9.110000	-0.719966
9.120000	-0.713930
9.130000	-0.707838
9.140000	-0.701690
9.150000	-0.695486
9.160000	-0.689228
9.170000	-0.682917
9.180000	-0.676552
9.190000	-0.670136
9.200000	-0.663668
9.210000	-0.657150
9.220000	-0.650582
9.230000	-0.643965
9.240000	-0.637301
9.250000	-0.630588
9.260000	-0.623829
9.270000	-0.617025
9.280000	-0.610175
9.290000	-0.603281
9.300000	-0.596343
9.310000	-0.589362
9.320000	-0.582340
9.330000	-0.575276
9.340000	-0.568171
9.350000	-0.561027
9.360000	-0.553843
9.370000	-0.546621
9.380000	-0.539362
9.390000	-0.532065
9.400000	-0.524732
9.410000	-0.517364
9.420000	-0.509960
9.430000	-0.502523
9.440000	-0.495051
9.450000	-0.487548
9.460000	-0.480012
9.470000	-0.472444
9.480000	-0.464846
9.490000	-0.457217
9.500000	-0.449559
9.510000	-0.441873
9.520000	-0.434158
9.530000	-0.426415
9.540000	-0.418646
9.550000	-0.410850
9.560000	-0.403029
9.570000	-0.395182
9.580000	-0.387311
9.590000	-0.379417
9.600000	-0.371499
9.610000	-0.363558
9.620000	-0.355596
9.630000	-0.347612
9.640000	-0.339607
9.650000	-0.331581
9.660000	-0.323536
9.670000	-0.315472
9.680000	-0.307389
9.690000	-0.299289
9.700000	-0.291170
9.710000	-0.283035
9.720000	-0.274883
9.730000	-0.266715
9.740000	-0.258532
9.750000	-0.250335
9.760000	-0.242123
9.770000	-0.233897
9.780000	-0.225657
9.790000	-0.217405
9.800000	-0.209141
9.810000	-0.200865
9.820000	-0.192578
9.830000	-0.184280
9.840000	-0.175972
9.850000	-0.167654
9.860000	-0.159326
9.870000	-0.150990
9.880000	-0.142645
9.890000	-0.134293
9.900000	-0.125933
9.910000	-0.117567
9.920000	-0.109194
9.930000	-0.100815
9.940000	-0.092430
9.950000	-0.084041
9.960000	-0.075646
9.970000	-0.067248
9.980000	-0.058846
9.990000	-0.050441
10.000000	-0.042033
10.010000	-0.033623
10.020000	-0.025211
10.030000	-0.016798
10.040000	-0.008384
10.050000	0.000031
10.060000	0.008445
10.070000	0.016860
10.080000	0.025273
10.090000	0.033685
10.100000	0.042095
10.110000	0.050503
10.120000	0.058908
10.130000	0.067310
10.140000	0.075708
10.150000	0.084102
10.160000	0.092491
10.170000	0.100876
10.180000	0.109255
10.190000	0.117628
10.200000	0.125994
10.210000	0.134354
10.220000	0.142706
10.230000	0.151051
10.240000	0.159387
10.250000	0.167714
10.260000	0.176032
10.270000	0.184341
10.280000	0.192638
10.290000	0.200926
10.300000	0.209202
10.310000	0.217466
10.320000	0.225718
10.330000	0.233957
10.340000	0.242183
10.350000	0.250395
10.360000	0.258592
10.370000	0.266775
10.380000	0.274943
10.390000	0.283094
10.400000	0.291230
10.410000	0.299348
10.420000	0.307448
10.430000	0.315531
10.440000	0.323595
10.450000	0.331640
10.460000	0.339665
10.470000	0.347670
10.480000	0.355654
10.490000	0.363616
10.500000	0.371557
10.510000	0.379474
10.520000	0.387369
10.530000	0.395240
10.540000	0.403086
10.550000	0.410907
10.560000	0.418703
10.570000	0.426472
10.580000	0.434214
10.590000	0.441929
10.600000	0.449615
10.610000	0.457273
10.620000	0.464901
10.630000	0.472499
10.640000	0.480067
10.650000	0.487602
10.660000	0.495106
10.670000	0.502577
10.680000	0.510014
10.690000	0.517417
10.700000	0.524786
10.710000	0.532118
10.720000	0.539415
10.730000	0.546674
10.740000	0.553896
10.750000	0.561079
10.760000	0.568223
10.770000	0.575328
10.780000	0.582391
10.790000	0.589414
10.800000	0.596394
10.810000	0.603331
10.820000	0.610225
10.830000	0.617075
10.840000	0.623879
10.850000	0.630637
10.860000	0.637349
10.870000	0.644014
10.880000	0.650630
10.890000	0.657198
10.900000	0.663716
10.910000	0.670183
10.920000	0.676599
10.930000	0.682963
10.940000	0.689274
10.950000	0.695532
10.960000	0.701735
10.970000	0.707883
10.980000	0.713975
10.990000	0.720010
11.000000	0.725987
11.010000	0.731907
11.020000	0.737767
11.030000	0.743567
11.040000	0.749306
11.050000	0.754984
11.060000	0.760600
11.070000	0.766152
11.080000	0.771641
11.090000	0.777065
11.100000	0.782424
11.110000	0.787716
11.120000	0.792941
11.130000	0.798099
11.140000	0.803188
11.150000	0.808207
11.160000	0.813157
11.170000	0.818036
11.180000	0.822843
11.190000	0.827578
11.200000	0.832240
11.210000	0.836828
11.220000	0.841342
11.230000	0.845780
11.240000	0.850142
11.250000	0.854428
11.260000	0.858636
11.270000	0.862767
11.280000	0.866818
11.290000	0.870791
11.300000	0.874683
11.310000	0.878494
11.320000	0.882224
11.330000	0.885872
11.340000	0.889438
11.350000	0.892920
11.360000	0.896318
11.370000	0.899632
11.380000	0.902861
11.390000	0.906005
11.400000	0.909062
11.410000	0.912032
11.420000	0.914916
11.430000	0.917711
11.440000	0.920419
11.450000	0.923037
11.460000	0.925567
11.470000	0.928007
11.480000	0.930356
11.490000	0.932615
11.500000	0.934784
11.510000	0.936861
11.520000	0.938846
11.530000	0.940739
11.540000	0.942539
11.550000	0.944247
11.560000	0.945862
11.570000	0.947383
11.580000	0.948811
11.590000	0.950144
11.600000	0.951384
11.610000	0.952529
11.620000	0.953579
11.630000	0.954534
11.640000	0.955395
11.650000	0.956160
11.660000	0.956830
11.670000	0.957404
11.680000	0.957882
11.690000	0.958265
11.700000	0.958552
11.710000	0.958744
11.720000	0.958839
11.730000	0.958839
11.740000	0.958743
11.750000	0.958550
11.760000	0.958262
11.770000	0.957879
11.780000	0.957399
11.790000	0.956824
11.800000	0.956154
11.810000	0.955388
11.820000	0.954527
11.830000	0.953570
11.840000	0.952519
11.850000	0.951374
11.860000	0.950133
11.870000	0.948799
11.880000	0.947371
11.890000	0.945849
11.900000	0.944233
11.910000	0.942524
11.920000	0.940723
11.930000	0.938829
11.940000	0.936843
11.950000	0.934766
11.960000	0.932597
11.970000	0.930337
11.980000	0.927986
11.990000	0.925546
12.000000	0.923015
12.010000	0.920396
12.020000	0.917688
12.030000	0.914891
12.040000	0.912007
12.050000	0.909036
12.060000	0.905978
12.070000	0.902834
12.080000	0.899604
12.090000	0.896290
12.100000	0.892891
12.110000	0.889408
12.120000	0.885842
12.130000	0.882193
12.140000	0.878462
12.150000	0.874650
12.160000	0.870757
12.170000	0.866784
12.180000	0.862732
12.190000	0.858601
12.200000	0.854392
12.210000	0.850105
12.220000	0.845742
12.230000	0.841303
12.240000	0.836789
12.250000	0.832201
12.260000	0.827538
12.270000	0.822802
12.280000	0.817995
12.290000	0.813115
12.300000	0.808165
12.310000	0.803145
12.320000	0.798055
12.330000	0.792897
12.340000	0.787671
12.350000	0.782378
12.360000	0.777019
12.370000	0.771595
12.380000	0.766105
12.390000	0.760552
12.400000	0.754936
12.410000	0.749258
12.420000	0.743518
12.430000	0.737717
12.440000	0.731856
12.450000	0.725937
12.460000	0.719959
12.470000	0.713923
12.480000	0.707831
12.490000	0.701682
12.500000	0.695478
12.510000	0.689220
12.520000	0.682909
12.530000	0.676544
12.540000	0.670128
12.550000	0.663660
12.560000	0.657142
12.570000	0.650574
12.580000	0.643957
12.590000	0.637292
12.600000	0.630580
12.610000	0.623821
12.620000	0.617016
12.630000	0.610166
12.640000	0.603272
12.650000	0.596335
12.660000	0.589354
12.670000	0.582331
12.680000	0.575267
12.690000	0.568163
12.700000	0.561018
12.710000	0.553835
12.720000	0.546613
12.730000	0.539353
12.740000	0.532056
12.750000	0.524723
12.760000	0.517355
12.770000	0.509951
12.780000	0.502513
12.790000	0.495042
12.800000	0.487538
12.810000	0.480002
12.820000	0.472435
12.830000	0.464836
12.840000	0.457208
12.850000	0.449550
12.860000	0.441863
12.870000	0.434148
12.880000	0.426406
12.890000	0.418636
12.900000	0.410841
12.910000	0.403019
12.920000	0.395173
12.930000	0.387302
12.940000	0.379407
12.950000	0.371489
12.960000	0.363549
12.970000	0.355586
12.980000	0.347602
12.990000	0.339597
13.000000	0.331572
13.010000	0.323527
13.020000	0.315462
13.030000	0.307380
13.040000	0.299279
13.050000	0.291160
13.060000	0.283025
13.070000	0.274873
13.080000	0.266706
13.090000	0.258523
13.100000	0.250325
13.110000	0.242113
13.120000	0.233887
13.130000	0.225647
13.140000	0.217395
13.150000	0.209131
13.160000	0.200855
13.170000	0.192568
13.180000	0.184270
13.190000	0.175961
13.200000	0.167643
13.210000	0.159316
13.220000	0.150980
13.230000	0.142635
13.240000	0.134283
13.250000	0.125923
13.260000	0.117557
13.270000	0.109184
13.280000	0.100804
13.290000	0.092420
13.300000	0.084030
13.310000	0.075636
13.320000	0.067238
13.330000	0.058836
13.340000	0.050431
13.350000	0.042023
13.360000	0.033613
13.370000	0.025201
13.380000	0.016788
13.390000	0.008374
13.400000	-0.000041
13.410000	-0.008456
13.420000	-0.016870
13.430000	-0.025283
13.440000	-0.033695
13.450000	-0.042105
13.460000	-0.050513
13.470000	-0.058918
13.480000	-0.067320
13.490000	-0.075718
13.500000	-0.084112
13.510000	-0.092502
13.520000	-0.100886
13.530000	-0.109265
13.540000	-0.117638
13.550000	-0.126005
13.560000	-0.134364
13.570000	-0.142717
13.580000	-0.151061
13.590000	-0.159397
13.600000	-0.167724
13.610000	-0.176042
13.620000	-0.184351
13.630000	-0.192649
13.640000	-0.200936
13.650000	-0.209212
13.660000	-0.217476
13.670000	-0.225728
13.680000	-0.233967
13.690000	-0.242193
13.700000	-0.250405
13.710000	-0.258602
13.720000	-0.266785
13.730000	-0.274953
13.740000	-0.283104
13.750000	-0.291239
13.760000	-0.299358
13.770000	-0.307458
13.780000	-0.315541
13.790000	-0.323605
13.800000	-0.331650
13.810000	-0.339675
13.820000	-0.347680
13.830000	-0.355664
13.840000	-0.363626
13.850000	-0.371566
13.860000	-0.379484
13.870000	-0.387379
13.880000	-0.395249
13.890000	-0.403095
13.900000	-0.410917
13.910000	-0.418712
13.920000	-0.426481
13.930000	-0.434223
13.940000	-0.441938
13.950000	-0.449625
13.960000	-0.457282
13.970000	-0.464911
13.980000	-0.472509
13.990000	-0.480076
14.000000	-0.487612
14.010000	-0.495115
14.020000	-0.502586
14.030000	-0.510023
14.040000	-0.517426
14.050000	-0.524795
14.060000	-0.532127
14.070000	-0.539424
14.080000	-0.546683
14.090000	-0.553905
14.100000	-0.561088
14.110000	-0.568232
14.120000	-0.575336
14.130000	-0.582400
14.140000	-0.589422
14.150000	-0.596402
14.160000	-0.603340
14.170000	-0.610233
14.180000	-0.617083
14.190000	-0.623887
14.200000	-0.630646
14.210000	-0.637358
14.220000	-0.644022
14.230000	-0.650638
14.240000	-0.657206
14.250000	-0.663723
14.260000	-0.670191
14.270000	-0.676607
14.280000	-0.682971
14.290000	-0.689282
14.300000	-0.695539
14.310000	-0.701742
14.320000	-0.707890
14.330000	-0.713982
14.340000	-0.720017
14.350000	-0.725995
14.360000	-0.731914
14.370000	-0.737774
14.380000	-0.743574
14.390000	-0.749313
14.400000	-0.754991
14.410000	-0.760607
14.420000	-0.766159
14.430000	-0.771648
14.440000	-0.777072
14.450000	-0.782430
14.460000	-0.787722
14.470000	-0.792948
14.480000	-0.798105
14.490000	-0.803194
14.500000	-0.808214
14.510000	-0.813163
14.520000	-0.818042
14.530000	-0.822849
14.540000	-0.827584
14.550000	-0.832246
14.560000	-0.836834
14.570000	-0.841347
14.580000	-0.845785
14.590000	-0.850148
14.600000	-0.854433
14.610000	-0.858641
14.620000	-0.862772
14.630000	-0.866823
14.640000	-0.870795
14.650000	-0.874687
14.660000	-0.878499
14.670000	-0.882229
14.680000	-0.885877
14.690000	-0.889442
14.700000	-0.892924
14.710000	-0.896322
14.720000	-0.899636
14.730000	-0.902865
14.740000	-0.906008
14.750000	-0.909065
14.760000	-0.912036
14.770000	-0.914919
14.780000	-0.917715
14.790000	-0.920422
14.800000	-0.923040
14.810000	-0.925570
14.820000	-0.928009
14.830000	-0.930359
14.840000	-0.932618
14.850000	-0.934786
14.860000	-0.936863
14.870000	-0.938848
14.880000	-0.940741
14.890000	-0.942542
14.900000	-0.944249
14.910000	-0.945864
14.920000	-0.947385
14.930000	-0.948812
14.940000	-0.950146
14.950000	-0.951385
14.960000	-0.952530
14.970000	-0.953580
14.980000	-0.954535
14.990000	-0.955396
15.000000	-0.956161
15.010000	-0.956830
15.020000	-0.957404
15.030000	-0.957883
15.040000	-0.958266
15.050000	-0.958553
15.060000	-0.958744
15.070000	-0.958839
15.080000	-0.958839
15.090000	-0.958742
15.100000	-0.958550
15.110000	-0.958262
15.120000	-0.957878
15.130000	-0.957399
15.140000	-0.956823
15.150000	-0.956153
15.160000	-0.955387
15.170000	-0.954526
15.180000	-0.953569
15.190000	-0.952518
15.200000	-0.951372
15.210000	-0.950132
15.220000	-0.948797
15.230000	-0.947369
15.240000	-0.945847
15.250000	-0.944231
15.260000	-0.942522
15.270000	-0.940721
15.280000	-0.938827
15.290000	-0.936841
15.300000	-0.934763
15.310000	-0.932594
15.320000	-0.930334
15.330000	-0.927983
15.340000	-0.925543
15.350000	-0.923012
15.360000	-0.920393
15.370000	-0.917684
15.380000	-0.914888
15.390000	-0.912004
15.400000	-0.909032
15.410000	-0.905974
15.420000	-0.902830
15.430000	-0.899600
15.440000	-0.896286
15.450000	-0.892886
15.460000	-0.889403
15.470000	-0.885837
15.480000	-0.882188
15.490000	-0.878457
15.500000	-0.874645
15.510000	-0.870752
15.520000	-0.866779
15.530000	-0.862727
15.540000	-0.858596
15.550000	-0.854387
15.560000	-0.850100
15.570000	-0.845737
15.580000	-0.841298
15.590000	-0.836784
15.600000	-0.832195
15.610000	-0.827532
15.620000	-0.822797
15.630000	-0.817989
15.640000	-0.813109
15.650000	-0.808159
15.660000	-0.803139
15.670000	-0.798049
15.680000	-0.792891
15.690000	-0.787665
15.700000	-0.782372
15.710000	-0.777013
15.720000	-0.771588
15.730000	-0.766099
15.740000	-0.760546
15.750000	-0.754929
15.760000	-0.749251
15.770000	-0.743511
15.780000	-0.737710
15.790000	-0.731849
15.800000	-0.725929
15.810000	-0.719951
15.820000	-0.713916
15.830000	-0.707823
15.840000	-0.701675
15.850000	-0.695471
15.860000	-0.689213
15.870000	-0.682901
15.880000	-0.676537
15.890000	-0.670120
15.900000	-0.663652
15.910000	-0.657134
15.920000	-0.650566
15.930000	-0.643949
15.940000	-0.637284
15.950000	-0.630572
15.960000	-0.623813
15.970000	-0.617008
15.980000	-0.610158
15.990000	-0.603264
16.000000	-0.596326
16.010000	-0.589345
16.020000	-0.582323
16.030000	-0.575259
16.040000	-0.568154
16.050000	-0.561009
16.060000	-0.553826
16.070000	-0.546604
16.080000	-0.539344
16.090000	-0.532047
16.100000	-0.524714
16.110000	-0.517346
16.120000	-0.509942
16.130000	-0.502504
16.140000	-0.495033
16.150000	-0.487529
16.160000	-0.479993
16.170000	-0.472426
16.180000	-0.464827
16.190000	-0.457199
16.200000	-0.449541
16.210000	-0.441854
16.220000	-0.434139
16.230000	-0.426396
16.240000	-0.418627
16.250000	-0.410831
16.260000	-0.403010
16.270000	-0.395163
16.280000	-0.387292
16.290000	-0.379397
16.300000	-0.371479
16.310000	-0.363539
16.320000	-0.355576
16.330000	-0.347592
16.340000	-0.339587
16.350000	-0.331562
16.360000	-0.323517
16.370000	-0.315453
16.380000	-0.307370
16.390000	-0.299269
16.400000	-0.291150
16.410000	-0.283015
16.420000	-0.274863
16.430000	-0.266696
16.440000	-0.258513
16.450000	-0.250315
16.460000	-0.242103
16.470000	-0.233877
16.480000	-0.225637
16.490000	-0.217385
16.500000	-0.209121
16.510000	-0.200845
16.520000	-0.192558
16.530000	-0.184260
16.540000	-0.175951
16.550000	-0.167633
16.560000	-0.159306
16.570000	-0.150970
16.580000	-0.142625
16.590000	-0.134273
16.600000	-0.125913
16.610000	-0.117546
16.620000	-0.109173
16.630000	-0.100794
16.640000	-0.092410
16.650000	-0.084020
16.660000	-0.075626
16.670000	-0.067228
16.680000	-0.058826
16.690000	-0.050421
16.700000	-0.042013
16.710000	-0.033603
16.720000	-0.025191
16.730000	-0.016778
16.740000	-0.008363
16.750000	0.000051
16.760000	0.008466
16.770000	0.016880
16.780000	0.025293
16.790000	0.033705
16.800000	0.042115
16.810000	0.050523
16.820000	0.058928
16.830000	0.067330
16.840000	0.075728
16.850000	0.084122
16.860000	0.092512
16.870000	0.100896
16.880000	0.109275
16.890000	0.117648
16.900000	0.126015
16.910000	0.134374
16.920000	0.142727
16.930000	0.151071
16.940000	0.159407
16.950000	0.167735
16.960000	0.176053
16.970000	0.184361
16.980000	0.192659
16.990000	0.200946
17.000000	0.209222
17.010000	0.217486
17.020000	0.225738
17.030000	0.233977
17.040000	0.242203
17.050000	0.250415
17.060000	0.258612
17.070000	0.266795
17.080000	0.274963
17.090000	0.283114
17.100000	0.291249
17.110000	0.299367
17.120000	0.307468
17.130000	0.315551
17.140000	0.323615
17.150000	0.331660
17.160000	0.339685
17.170000	0.347689
17.180000	0.355673
17.190000	0.363636
17.200000	0.371576
17.210000	0.379494
17.220000	0.387388
17.230000	0.395259
17.240000	0.403105
17.250000	0.410926
17.260000	0.418721
17.270000	0.426491
17.280000	0.434233
17.290000	0.441948
17.300000	0.449634
17.310000	0.457292
17.320000	0.464920
17.330000	0.472518
17.340000	0.480085
17.350000	0.487621
17.360000	0.495124
17.370000	0.502595
17.380000	0.510032
17.390000	0.517435
17.400000	0.524804
17.410000	0.532136
17.420000	0.539433
17.430000	0.546692
17.440000	0.553913
17.450000	0.561097
17.460000	0.568241
17.470000	0.575345
17.480000	0.582408
17.490000	0.589431
17.500000	0.596411
17.510000	0.603348
17.520000	0.610242
17.530000	0.617091
17.540000	0.623895
17.550000	0.630654
17.560000	0.637366
17.570000	0.644030
17.580000	0.650646
17.590000	0.657214
17.600000	0.663731
17.610000	0.670199
17.620000	0.676614
17.630000	0.682978
17.640000	0.689289
17.650000	0.695547
17.660000	0.701750
17.670000	0.707898
17.680000	0.713989
17.690000	0.720024
17.700000	0.726002
17.710000	0.731921
17.720000	0.737781
17.730000	0.743581
17.740000	0.749320
17.750000	0.754998
17.760000	0.760614
17.770000	0.766166
17.780000	0.771654
17.790000	0.777078
17.800000	0.782437
17.810000	0.787729
17.820000	0.792954
17.830000	0.798111
17.840000	0.803200
17.850000	0.808220
17.860000	0.813169
17.870000	0.818048
17.880000	0.822855
17.890000	0.827589
17.900000	0.832251
17.910000	0.836839
17.920000	0.841352
17.930000	0.845791
17.940000	0.850153
17.950000	0.854438
17.960000	0.858647
17.970000	0.862777
17.980000	0.866828
17.990000	0.870800
18.000000	0.874692
18.010000	0.878503
18.020000	0.882233
18.030000	0.885881
18.040000	0.889446
18.050000	0.892928
18.060000	0.896327
18.070000	0.899640
18.080000	0.902869
18.090000	0.906012
18.100000	0.909069
18.110000	0.912039
18.120000	0.914923
18.130000	0.917718
18.140000	0.920425
18.150000	0.923044
18.160000	0.925573
18.170000	0.928012
18.180000	0.930362
18.190000	0.932621
18.200000	0.934789
18.210000	0.936866
18.220000	0.938850
18.230000	0.940743
18.240000	0.942544
18.250000	0.944251
18.260000	0.945866
18.270000	0.947387
18.280000	0.948814
18.290000	0.950148
18.300000	0.951387
18.310000	0.952531
18.320000	0.953581
18.330000	0.954537
18.340000	0.955397
18.350000	0.956162
18.360000	0.956831
18.370000	0.957405
18.380000	0.957883
18.390000	0.958266
18.400000	0.958553
18.410000	0.958744
18.420000	0.958839
18.430000	0.958839
18.440000	0.958742
18.450000	0.958550
18.460000	0.958262
18.470000	0.957878
18.480000	0.957398
18.490000	0.956823
18.500000	0.956152
18.510000	0.955386
18.520000	0.954524
18.530000	0.953568
18.540000	0.952517
18.550000	0.951371
18.560000	0.950130
18.570000	0.948796
18.580000	0.947367
18.590000	0.945845
18.600000	0.944229
18.610000	0.942520
18.620000	0.940719
18.630000	0.938824
18.640000	0.936838
18.650000	0.934760
18.660000	0.932591
18.670000	0.930331
18.680000	0.927980
18.690000	0.925540
18.700000	0.923009
18.710000	0.920389
18.720000	0.917681
18.730000	0.914885
18.740000	0.912000
18.750000	0.909029
18.760000	0.905971
18.770000	0.902826
18.780000	0.899596
18.790000	0.896282
18.800000	0.892882
18.810000	0.889399
18.820000	0.885833
18.830000	0.882184
18.840000	0.878453
18.850000	0.874641
18.860000	0.870748
18.870000	0.866774
18.880000	0.862722
18.890000	0.858591
18.900000	0.854382
18.910000	0.850095
18.920000	0.845732
18.930000	0.841293
18.940000	0.836778
18.950000	0.832189
18.960000	0.827527
18.970000	0.822791
18.980000	0.817983
18.990000	0.813103
19.000000	0.808153
19.010000	0.803132
19.020000	0.798043
19.030000	0.792884
19.040000	0.787658
19.050000	0.782365
19.060000	0.777006
19.070000	0.771581
19.080000	0.766092
19.090000	0.760539
19.100000	0.754922
19.110000	0.749244
19.120000	0.743504
19.130000	0.737703
19.140000	0.731842
19.150000	0.725922
19.160000	0.719944
19.170000	0.713908
19.180000	0.707816
19.190000	0.701667
19.200000	0.695463
19.210000	0.689205
19.220000	0.682893
19.230000	0.676529
19.240000	0.670112
19.250000	0.663644
19.260000	0.657126
19.270000	0.650558
19.280000	0.643941
19.290000	0.637276
19.300000	0.630564
19.310000	0.623805
19.320000	0.617000
19.330000	0.610150
19.340000	0.603255
19.350000	0.596318
19.360000	0.589337
19.370000	0.582314
19.380000	0.575250
19.390000	0.568145
19.400000	0.561001
19.410000	0.553817
19.420000	0.546595
19.430000	0.539335
19.440000	0.532038
19.450000	0.524705
19.460000	0.517337
19.470000	0.509933
19.480000	0.502495
19.490000	0.495024
19.500000	0.487520
19.510000	0.479984
19.520000	0.472416
19.530000	0.464818
19.540000	0.457189
19.550000	0.449531
19.560000	0.441844
19.570000	0.434129
19.580000	0.426387
19.590000	0.418617
19.600000	0.410822
19.610000	0.403000
19.620000	0.395154
19.630000	0.387283
19.640000	0.379388
19.650000	0.371470
19.660000	0.363529
19.670000	0.355566
19.680000	0.347582
19.690000	0.339577
19.700000	0.331552
19.710000	0.323507
19.720000	0.315443
19.730000	0.307360
19.740000	0.299259
19.750000	0.291141
19.760000	0.283005
19.770000	0.274853
19.780000	0.266686
19.790000	0.258503
19.800000	0.250305
19.810000	0.242093
19.820000	0.233867
19.830000	0.225627
19.840000	0.217375
19.850000	0.209111
19.860000	0.200835
19.870000	0.192548
19.880000	0.184250
19.890000	0.175941
19.900000	0.167623
19.910000	0.159296
19.920000	0.150960
19.930000	0.142615
19.940000	0.134263
19.950000	0.125903
19.960000	0.117536
19.970000	0.109163
19.980000	0.100784
19.990000	0.092400
20.000000	0.084010
20.010000	0.075616
20.020000	0.067218
20.030000	0.058816
20.040000	0.050411
20.050000	0.042003
20.060000	0.033593
20.070000	0.025181
20.080000	0.016767
20.090000	0.008353
20.100000	-0.000061
20.110000	-0.008476
20.120000	-0.016890
20.130000	-0.025304
20.140000	-0.033715
20.150000	-0.042125
20.160000	-0.050533
20.170000	-0.058938
20.180000	-0.067340
20.190000	-0.075738
20.200000	-0.084132
20.210000	-0.092522
20.220000	-0.100906
20.230000	-0.109285
20.240000	-0.117658
20.250000	-0.126025
20.260000	-0.134385
20.270000	-0.142737
20.280000	-0.151081
20.290000	-0.159417
20.300000	-0.167745
20.310000	-0.176063
20.320000	-0.184371
20.330000	-0.192669
20.340000	-0.200956
20.350000	-0.209232
20.360000	-0.217496
20.370000	-0.225748
20.380000	-0.233987
20.390000	-0.242213
20.400000	-0.250425
20.410000	-0.258622
20.420000	-0.266805
20.430000	-0.274972
20.440000	-0.283124
20.450000	-0.291259
20.460000	-0.299377
20.470000	-0.307478
20.480000	-0.315561
20.490000	-0.323625
20.500000	-0.331669
20.510000	-0.339694
20.520000	-0.347699
20.530000	-0.355683
20.540000	-0.363645
20.550000	-0.371586
20.560000	-0.379503
20.570000	-0.387398
20.580000	-0.395268
20.590000	-0.403114
20.600000	-0.410936
20.610000	-0.418731
20.620000	-0.426500
20.630000	-0.434242
20.640000	-0.441957
20.650000	-0.449643
20.660000	-0.457301
20.670000	-0.464929
20.680000	-0.472527
20.690000	-0.480094
20.700000	-0.487630
20.710000	-0.495133
20.720000	-0.502604
20.730000	-0.510041
20.740000	-0.517444
20.750000	-0.524813
20.760000	-0.532145
20.770000	-0.539441
20.780000	-0.546701
20.790000	-0.553922
20.800000	-0.561105
20.810000	-0.568249
20.820000	-0.575353
20.830000	-0.582417
20.840000	-0.589439
20.850000	-0.596419
20.860000	-0.603356
20.870000	-0.610250
20.880000	-0.617099
20.890000	-0.623904
20.900000	-0.630662
20.910000	-0.637374
20.920000	-0.644038
20.930000	-0.650654
20.940000	-0.657222
20.950000	-0.663739
20.960000	-0.670206
20.970000	-0.676622
20.980000	-0.682986
20.990000	-0.689297
21.000000	-0.695554
21.010000	-0.701757
21.020000	-0.707905
21.030000	-0.713997
21.040000	-0.720032
21.050000	-0.726009
21.060000	-0.731928
21.070000	-0.737788
21.080000	-0.743588
21.090000	-0.749327
21.100000	-0.755005
21.110000	-0.760620
21.120000	-0.766173
21.130000	-0.771661
21.140000	-0.777085
21.150000	-0.782443
21.160000	-0.787735
21.170000	-0.792960
21.180000	-0.798117
21.190000	-0.803206
21.200000	-0.808226
21.210000	-0.813175
21.220000	-0.818054
21.230000	-0.822861
21.240000	-0.827595
21.250000	-0.832257
21.260000	-0.836845
21.270000	-0.841358
21.280000	-0.845796
21.290000	-0.850158
21.300000	-0.854444
21.310000	-0.858652
21.320000	-0.862782
21.330000	-0.866833
21.340000	-0.870805
21.350000	-0.874697
21.360000	-0.878508
21.370000	-0.882238
21.380000	-0.885885
21.390000	-0.889451
21.400000	-0.892933
21.410000	-0.896331
21.420000	-0.899644
21.430000	-0.902873
21.440000	-0.906016
21.450000	-0.909073
21.460000	-0.912043
21.470000	-0.914926
21.480000	-0.917721
21.490000	-0.920428
21.500000	-0.923047
21.510000	-0.925576
21.520000	-0.928015
21.530000	-0.930365
21.540000	-0.932624
21.550000	-0.934791
21.560000	-0.936868
21.570000	-0.938853
21.580000	-0.940746
21.590000	-0.942546
21.600000	-0.944253
21.610000	-0.945868
21.620000	-0.947389
21.630000	-0.948816
21.640000	-0.950149
21.650000	-0.951388
21.660000	-0.952533
21.670000	-0.953583
21.680000	-0.954538
21.690000	-0.955398
21.700000	-0.956162
21.710000	-0.956832
21.720000	-0.957406
21.730000	-0.957884
21.740000	-0.958267
21.750000	-0.958553
21.760000	-0.958744
21.770000	-0.958839
21.780000	-0.958839
21.790000	-0.958742
21.800000	-0.958550
21.810000	-0.958261
21.820000	-0.957877
21.830000	-0.957397
21.840000	-0.956822
21.850000	-0.956151
21.860000	-0.955385
21.870000	-0.954523
21.880000	-0.953567
21.890000	-0.952515
21.900000	-0.951369
21.910000	-0.950129
21.920000	-0.948794
21.930000	-0.947365
21.940000	-0.945843
21.950000	-0.944227
21.960000	-0.942518
21.970000	-0.940716
21.980000	-0.938822
21.990000	-0.936836
22.000000	-0.934758
22.010000	-0.932589
22.020000	-0.930328
22.030000	-0.927977
22.040000	-0.925536
22.050000	-0.923006
22.060000	-0.920386
22.070000	-0.917678
22.080000	-0.914881
22.090000	-0.911997
22.100000	-0.909025
22.110000	-0.905967
22.120000	-0.902822
22.130000	-0.899592
22.140000	-0.896278
22.150000	-0.892878
22.160000	-0.889395
22.170000	-0.885828
22.180000	-0.882179
22.190000	-0.878448
22.200000	-0.874636
22.210000	-0.870743
22.220000	-0.866770
22.230000	-0.862717
22.240000	-0.858586
22.250000	-0.854376
22.260000	-0.850090
22.270000	-0.845726
22.280000	-0.841287
22.290000	-0.836773
22.300000	-0.832184
22.310000	-0.827521
22.320000	-0.822785
22.330000	-0.817977
22.340000	-0.813097
22.350000	-0.808147
22.360000	-0.803126
22.370000	-0.798036
22.380000	-0.792878
22.390000	-0.787652
22.400000	-0.782359
22.410000	-0.776999
22.420000	-0.771575
22.430000	-0.766085
22.440000	-0.760532
22.450000	-0.754916
22.460000	-0.749237
22.470000	-0.743497
22.480000	-0.737696
22.490000	-0.731835
22.500000	-0.725915
22.510000	-0.719937
22.520000	-0.713901
22.530000	-0.707808
22.540000	-0.701660
22.550000	-0.695456
22.560000	-0.689198
22.570000	-0.682886
22.580000	-0.676521
22.590000	-0.670104
22.600000	-0.663637
22.610000	-0.657118
22.620000	-0.650550
22.630000	-0.643933
22.640000	-0.637268
22.650000	-0.630555
22.660000	-0.623796
22.670000	-0.616991
22.680000	-0.610141
22.690000	-0.603247
22.700000	-0.596309
22.710000	-0.589328
22.720000	-0.582306
22.730000	-0.575241
22.740000	-0.568137
22.750000	-0.560992
22.760000	-0.553808
22.770000	-0.546586
22.780000	-0.539326
22.790000	-0.532029
22.800000	-0.524696
22.810000	-0.517328
22.820000	-0.509924
22.830000	-0.502486
22.840000	-0.495015
22.850000	-0.487511
22.860000	-0.479975
22.870000	-0.472407
22.880000	-0.464809
22.890000	-0.457180
22.900000	-0.449522
22.910000	-0.441835
22.920000	-0.434120
22.930000	-0.426377
22.940000	-0.418608
22.950000	-0.410812
22.960000	-0.402991
22.970000	-0.395144
22.980000	-0.387273
22.990000	-0.379378
23.000000	-0.371460
23.010000	-0.363520
23.020000	-0.355557
23.030000	-0.347573
23.040000	-0.339568
23.050000	-0.331542
23.060000	-0.323497
23.070000	-0.315433
23.080000	-0.307350
23.090000	-0.299249
23.100000	-0.291131
23.110000	-0.282995
23.120000	-0.274843
23.130000	-0.266676
23.140000	-0.258493
23.150000	-0.250295
23.160000	-0.242083
23.170000	-0.233857
23.180000	-0.225617
23.190000	-0.217365
23.200000	-0.209101
23.210000	-0.200825
23.220000	-0.192538
23.230000	-0.184239
23.240000	-0.175931
23.250000	-0.167613
23.260000	-0.159286
23.270000	-0.150949
23.280000	-0.142605
23.290000	-0.134252
23.300000	-0.125893
23.310000	-0.117526
23.320000	-0.109153
23.330000	-0.100774
23.340000	-0.092389
23.350000	-0.084000
23.360000	-0.075606
23.370000	-0.067207
23.380000	-0.058805
23.390000	-0.050400
23.400000	-0.041992
23.410000	-0.033582
23.420000	-0.025170
23.430000	-0.016757
23.440000	-0.008343
23.450000	0.000072
23.460000	0.008486
23.470000	0.016900
23.480000	0.025314
23.490000	0.033726
23.500000	0.042136
23.510000	0.050543
23.520000	0.058949
23.530000	0.067350
23.540000	0.075749
23.550000	0.084143
23.560000	0.092532
23.570000	0.100917
23.580000	0.109296
23.590000	0.117669
23.600000	0.126035
23.610000	0.134395
23.620000	0.142747
23.630000	0.151091
23.640000	0.159428
23.650000	0.167755
23.660000	0.176073
23.670000	0.184381
23.680000	0.192679
23.690000	0.200966
23.700000	0.209242
23.710000	0.217506
23.720000	0.225758
23.730000	0.233997
23.740000	0.242223
23.750000	0.250434
23.760000	0.258632
23.770000	0.266815
23.780000	0.274982
23.790000	0.283134
23.800000	0.291269
23.810000	0.299387
23.820000	0.307488
23.830000	0.315570
23.840000	0.323634
23.850000	0.331679
23.860000	0.339704
23.870000	0.347709
23.880000	0.355693
23.890000	0.363655
23.900000	0.371595
23.910000	0.379513
23.920000	0.387407
23.930000	0.395278
23.940000	0.403124
23.950000	0.410945
23.960000	0.418740
23.970000	0.426509
23.980000	0.434252
23.990000	0.441966
24.000000	0.449653
24.010000	0.457310
24.020000	0.464938
24.030000	0.472536
24.040000	0.480103
24.050000	0.487639
24.060000	0.495143
24.070000	0.502613
24.080000	0.510050
24.090000	0.517453
24.100000	0.524822
24.110000	0.532154
24.120000	0.539450
24.130000	0.546709
24.140000	0.553931
24.150000	0.561114
24.160000	0.568258
24.170000	0.575362
24.180000	0.582426
24.190000	0.589448
24.200000	0.596428
24.210000	0.603365
24.220000	0.610258
24.230000	0.617108
24.240000	0.623912
24.250000	0.630670
24.260000	0.637382
24.270000	0.644046
24.280000	0.650662
24.290000	0.657230
24.300000	0.663747
24.310000	0.670214
24.320000	0.676630
24.330000	0.682994
24.340000	0.689305
24.350000	0.695562
24.360000	0.701765
24.370000	0.707912
24.380000	0.714004
24.390000	0.720039
24.400000	0.726016
24.410000	0.731935
24.420000	0.737795
24.430000	0.743595
24.440000	0.749334
24.450000	0.755012
24.460000	0.760627
24.470000	0.766179
24.480000	0.771668
24.490000	0.777091
24.500000	0.782450
24.510000	0.787742
24.520000	0.792966
24.530000	0.798124
24.540000	0.803212
24.550000	0.808232
24.560000	0.813181
24.570000	0.818059
24.580000	0.822866
24.590000	0.827601
24.600000	0.832262
24.610000	0.836850
24.620000	0.841363
24.630000	0.845801
24.640000	0.850163
24.650000	0.854449
24.660000	0.858657
24.670000	0.862787
24.680000	0.866838
24.690000	0.870810
24.700000	0.874701
24.710000	0.878513
24.720000	0.882242
24.730000	0.885890
24.740000	0.889455
24.750000	0.892937
24.760000	0.896335
24.770000	0.899648
24.780000	0.902877
24.790000	0.906020
24.800000	0.909076
24.810000	0.912047
24.820000	0.914929
24.830000	0.917725
24.840000	0.920432
24.850000	0.923050
24.860000	0.925579
24.870000	0.928018
24.880000	0.930367
24.890000	0.932626
24.900000	0.934794
24.910000	0.936870
24.920000	0.938855
24.930000	0.940748
24.940000	0.942548
24.950000	0.944255
24.960000	0.945870
24.970000	0.947390
24.980000	0.948818
24.990000	0.950151
25.000000	0.951390
