0.000000 0.000000
0.010000 0.431184
0.020000 0.858741
0.030000 1.282720
0.040000 1.703166
0.050000 2.120126
0.060000 2.533644
0.070000 2.943764
0.080000 3.350530
0.090000 3.753985
0.100000 4.154170
0.110000 4.551127
0.120000 4.944896
0.130000 5.335517
0.140000 5.723030
0.150000 6.107472
0.160000 6.488883
0.170000 6.867298
0.180000 7.242756
0.190000 7.615292
0.200000 7.984941
0.210000 8.351740
0.220000 8.715721
0.230000 9.076919
0.240000 9.435367
0.250000 9.791098
0.260000 10.144145
0.270000 10.494538
0.280000 10.842310
0.290000 11.187491
0.300000 11.530111
0.310000 11.870201
0.320000 12.207789
0.330000 12.542905
0.340000 12.875576
0.350000 13.205832
0.360000 13.533699
0.370000 13.859206
0.380000 14.182377
0.390000 14.503241
0.400000 14.821823
0.410000 15.138148
0.420000 15.452242
0.430000 15.764130
0.440000 16.073836
0.450000 16.381384
0.460000 16.686798
0.470000 16.990101
0.480000 17.291317
0.490000 17.590467
0.500000 17.887576
0.510000 18.182664
0.520000 18.475753
0.530000 18.766865
0.540000 19.056021
0.550000 19.343242
0.560000 19.628548
0.570000 19.911959
0.580000 20.193496
0.590000 20.473178
0.600000 20.751025
0.610000 21.027056
0.620000 21.301288
0.630000 21.573742
0.640000 21.844436
0.650000 22.113387
0.660000 22.380613
0.670000 22.646132
0.680000 22.909961
0.690000 23.172118
0.700000 23.432619
0.710000 23.691481
0.720000 23.948720
0.730000 24.204353
0.740000 24.458395
0.750000 24.710862
0.760000 24.961770
0.770000 25.211134
0.780000 25.458969
0.790000 25.705290
0.800000 25.950112
0.810000 26.193450
0.820000 26.435317
0.830000 26.675728
0.840000 26.914696
0.850000 27.152237
0.860000 27.388362
0.870000 27.623086
0.880000 27.856422
0.890000 28.088383
0.900000 28.318981
0.910000 28.548230
0.920000 28.776142
0.930000 29.002729
0.940000 29.228005
0.950000 29.451979
0.960000 29.674666
0.970000 29.896076
0.980000 30.116222
0.990000 30.335113
1.000000 30.552763
1.010000 30.769182
1.020000 30.984381
1.030000 31.198371
1.040000 31.411163
1.050000 31.622767
1.060000 31.833194
1.070000 32.042454
1.080000 32.250558
1.090000 32.457516
1.100000 32.663337
1.110000 32.868031
1.120000 33.071609
1.130000 33.274079
1.140000 33.475452
1.150000 33.675736
1.160000 33.874941
1.170000 34.073076
1.180000 34.270150
1.190000 34.466171
1.200000 34.661150
1.210000 34.855094
1.220000 35.048012
1.230000 35.239912
1.240000 35.430803
1.250000 35.620693
1.260000 35.809591
1.270000 35.997504
1.280000 36.184440
1.290000 36.370407
1.300000 36.555413
1.310000 36.739465
1.320000 36.922572
1.330000 37.104741
1.340000 37.285978
1.350000 37.466292
1.360000 37.645690
1.370000 37.824178
1.380000 38.001764
1.390000 38.178455
1.400000 38.354258
1.410000 38.529178
1.420000 38.703224
1.430000 38.876402
1.440000 39.048718
1.450000 39.220179
1.460000 39.390791
1.470000 39.560560
1.480000 39.729493
1.490000 39.897596
1.500000 40.064875
1.510000 40.231335
1.520000 40.396984
1.530000 40.561827
1.540000 40.725869
1.550000 40.889116
1.560000 41.051574
1.570000 41.213249
1.580000 41.374146
1.590000 41.534271
1.600000 41.693628
1.610000 41.852224
1.620000 42.010063
1.630000 42.167151
1.640000 42.323493
1.650000 42.479093
1.660000 42.633958
1.670000 42.788092
1.680000 42.941499
1.690000 43.094185
1.700000 43.246155
1.710000 43.397413
1.720000 43.547964
1.730000 43.697812
1.740000 43.846962
1.750000 43.995418
1.760000 44.143186
1.770000 44.290269
1.780000 44.436672
1.790000 44.582399
1.800000 44.727454
1.810000 44.871842
1.820000 45.015566
1.830000 45.158631
1.840000 45.301040
1.850000 45.442799
1.860000 45.583910
1.870000 45.724378
1.880000 45.864207
1.890000 46.003399
1.900000 46.141960
1.910000 46.279893
1.920000 46.417201
1.930000 46.553889
1.940000 46.689959
1.950000 46.825416
1.960000 46.960262
1.970000 47.094502
1.980000 47.228139
1.990000 47.361176
2.000000 47.493616
2.010000 47.625464
2.020000 47.756722
2.030000 47.887393
2.040000 48.017481
2.050000 48.146988
2.060000 48.275919
2.070000 48.404276
2.080000 48.532062
2.090000 48.659280
2.100000 48.785934
2.110000 48.912026
2.120000 49.037559
2.130000 49.162536
2.140000 49.286960
2.150000 49.410834
2.160000 49.534161
2.170000 49.656943
2.180000 49.779183
2.190000 49.900885
2.200000 50.022050
2.210000 50.142681
2.220000 50.262781
2.230000 50.382353
2.240000 50.501400
2.250000 50.619923
2.260000 50.737925
2.270000 50.855409
2.280000 50.972378
2.290000 51.088833
2.300000 51.204778
2.310000 51.320214
2.320000 51.435145
2.330000 51.549572
2.340000 51.663497
2.350000 51.776924
2.360000 51.889855
2.370000 52.002291
2.380000 52.114235
2.390000 52.225690
2.400000 52.336657
2.410000 52.447138
2.420000 52.557137
2.430000 52.666654
2.440000 52.775693
2.450000 52.884255
2.460000 52.992343
2.470000 53.099958
2.480000 53.207102
2.490000 53.313779
2.500000 53.419989
2.510000 53.525734
2.520000 53.631018
2.530000 53.735841
2.540000 53.840206
2.550000 53.944114
2.560000 54.047569
2.570000 54.150570
2.580000 54.253121
2.590000 54.355224
2.600000 54.456880
2.610000 54.558090
2.620000 54.658858
2.630000 54.759185
2.640000 54.859072
2.650000 54.958521
2.660000 55.057535
2.670000 55.156115
2.680000 55.254263
2.690000 55.351980
2.700000 55.449269
2.710000 55.546131
2.720000 55.642568
2.730000 55.738581
2.740000 55.834172
2.750000 55.929344
2.760000 56.024097
2.770000 56.118433
2.780000 56.212355
2.790000 56.305863
2.800000 56.398959
2.810000 56.491645
2.820000 56.583923
2.830000 56.675794
2.840000 56.767260
2.850000 56.858323
2.860000 56.948983
2.870000 57.039243
2.880000 57.129104
2.890000 57.218568
2.900000 57.307636
2.910000 57.396310
2.920000 57.484591
2.930000 57.572482
2.940000 57.659983
2.950000 57.747095
2.960000 57.833822
2.970000 57.920163
2.980000 58.006121
2.990000 58.091696
3.000000 58.176891
3.010000 58.261708
3.020000 58.346146
3.030000 58.430209
3.040000 58.513896
3.050000 58.597211
3.060000 58.680154
3.070000 58.762726
3.080000 58.844930
3.090000 58.926766
3.100000 59.008236
3.110000 59.089342
3.120000 59.170084
3.130000 59.250465
3.140000 59.330485
3.150000 59.410146
3.160000 59.489449
3.170000 59.568396
3.180000 59.646989
3.190000 59.725227
3.200000 59.803114
3.210000 59.880650
3.220000 59.957837
3.230000 60.034675
3.240000 60.111167
3.250000 60.187313
3.260000 60.263115
3.270000 60.338575
3.280000 60.413693
3.290000 60.488471
3.300000 60.562911
3.310000 60.637013
3.320000 60.710779
3.330000 60.784210
3.340000 60.857308
3.350000 60.930073
3.360000 61.002508
3.370000 61.074612
3.380000 61.146389
3.390000 61.217838
3.400000 61.288962
3.410000 61.359761
3.420000 61.430237
3.430000 61.500391
3.440000 61.570225
3.450000 61.639738
3.460000 61.708934
3.470000 61.777813
3.480000 61.846375
