0.000000 0.000000
0.431184 0.248455
0.858741 0.493844
1.282720 0.736203
1.703166 0.975565
2.120126 1.211966
2.533644 1.445440
2.943764 1.676018
3.350530 1.903734
3.753985 2.128619
4.154170 2.350705
4.551127 2.570023
4.944896 2.786603
5.335517 3.000475
5.723030 3.211668
6.107472 3.420211
6.488883 3.626132
6.867298 3.829460
7.242756 4.030222
7.615292 4.228444
7.984941 4.424154
8.351740 4.617377
8.715721 4.808140
9.076919 4.996466
9.435367 5.182383
9.791098 5.365913
10.144145 5.547081
10.494538 5.725910
10.842310 5.902425
11.187491 6.076647
11.530111 6.248600
11.870201 6.418306
12.207789 6.585787
12.542905 6.751064
12.875576 6.914158
13.205832 7.075091
13.533699 7.233883
13.859206 7.390554
14.182377 7.545125
14.503241 7.697614
14.821823 7.848042
15.138148 7.996427
15.452242 8.142788
15.764130 8.287144
16.073836 8.429513
16.381384 8.569912
16.686798 8.708361
16.990101 8.844875
17.291317 8.979472
17.590467 9.112169
17.887576 9.242983
18.182664 9.371930
18.475753 9.499026
18.766865 9.624288
19.056021 9.747730
19.343242 9.869369
19.628548 9.989220
19.911959 10.107297
20.193496 10.223616
20.473178 10.338191
20.751025 10.451037
21.027056 10.562168
21.301288 10.671597
21.573742 10.779339
21.844436 10.885408
22.113387 10.989816
22.380613 11.092577
22.646132 11.193704
22.909961 11.293210
23.172118 11.391108
23.432619 11.487409
23.691481 11.582128
23.948720 11.675275
24.204353 11.766862
24.458395 11.856902
24.710862 11.945406
24.961770 12.032386
25.211134 12.117853
25.458969 12.201819
25.705290 12.284294
25.950112 12.365289
26.193450 12.444815
26.435317 12.522883
26.675728 12.599504
26.914696 12.674687
27.152237 12.748443
27.388362 12.820782
27.623086 12.891714
27.856422 12.961248
28.088383 13.029395
28.318981 13.096164
28.548230 13.161564
28.776142 13.225606
29.002729 13.288297
29.228005 13.349647
29.451979 13.409665
29.674666 13.468361
29.896076 13.525742
30.116222 13.581817
30.335113 13.636595
30.552763 13.690085
30.769182 13.742294
30.984381 13.793230
31.198371 13.842903
31.411163 13.891320
31.622767 13.938489
31.833194 13.984417
32.042454 14.029112
32.250558 14.072583
32.457516 14.114836
32.663337 14.155880
32.868031 14.195720
33.071609 14.234366
33.274079 14.271823
33.475452 14.308099
33.675736 14.343200
33.874941 14.377135
34.073076 14.409910
34.270150 14.441531
34.466171 14.472005
34.661150 14.501338
34.855094 14.529538
35.048012 14.556611
35.239912 14.582563
35.430803 14.607400
35.620693 14.631129
35.809591 14.653756
35.997504 14.675287
36.184440 14.695728
36.370407 14.715084
36.555413 14.733363
36.739465 14.750569
36.922572 14.766709
37.104741 14.781788
37.285978 14.795811
37.466292 14.808785
37.645690 14.820715
37.824178 14.831606
38.001764 14.841464
38.178455 14.850294
38.354258 14.858102
38.529178 14.864892
38.703224 14.870670
38.876402 14.875440
39.048718 14.879209
39.220179 14.881981
39.390791 14.883761
39.560560 14.884554
39.729493 14.884365
39.897596 14.883199
40.064875 14.881059
40.231335 14.877953
40.396984 14.873883
40.561827 14.868854
40.725869 14.862872
40.889116 14.855940
41.051574 14.848064
41.213249 14.839247
41.374146 14.829495
41.534271 14.818810
41.693628 14.807199
41.852224 14.794665
42.010063 14.781213
42.167151 14.766846
42.323493 14.751569
42.479093 14.735386
42.633958 14.718301
42.788092 14.700319
42.941499 14.681443
43.094185 14.661677
43.246155 14.641026
43.397413 14.619493
43.547964 14.597082
43.697812 14.573798
43.846962 14.549643
43.995418 14.524623
44.143186 14.498740
44.290269 14.471999
44.436672 14.444403
44.582399 14.415956
44.727454 14.386662
44.871842 14.356525
45.015566 14.325547
45.158631 14.293733
45.301040 14.261086
45.442799 14.227610
45.583910 14.193309
45.724378 14.158185
45.864207 14.122243
46.003399 14.085486
46.141960 14.047918
46.279893 14.009541
46.417201 13.970360
46.553889 13.930377
46.689959 13.889596
46.825416 13.848021
46.960262 13.805655
47.094502 13.762500
47.228139 13.718561
47.361176 13.673841
47.493616 13.628343
47.625464 13.582071
47.756722 13.535026
47.887393 13.487214
48.017481 13.438636
48.146988 13.389297
48.275919 13.339199
48.404276 13.288345
48.532062 13.236739
48.659280 13.184384
48.785934 13.131283
48.912026 13.077439
49.037559 13.022855
49.162536 12.967534
49.286960 12.911479
49.410834 12.854694
49.534161 12.797181
49.656943 12.738944
49.779183 12.679985
49.900885 12.620308
50.022050 12.559915
50.142681 12.498809
50.262781 12.436994
50.382353 12.374473
50.501400 12.311248
50.619923 12.247322
50.737925 12.182699
50.855409 12.117381
50.972378 12.051370
51.088833 11.984672
51.204778 11.917287
51.320214 11.849219
51.435145 11.780470
51.549572 11.711045
51.663497 11.640945
51.776924 11.570173
51.889855 11.498733
52.002291 11.426627
52.114235 11.353858
52.225690 11.280429
52.336657 11.206342
52.447138 11.131601
52.557137 11.056208
52.666654 10.980166
52.775693 10.903479
52.884255 10.826148
52.992343 10.748176
53.099958 10.669567
53.207102 10.590323
53.313779 10.510446
53.419989 10.429941
53.525734 10.348809
53.631018 10.267053
53.735841 10.184675
53.840206 10.101680
53.944114 10.018069
54.047569 9.933845
54.150570 9.849010
54.253121 9.763569
54.355224 9.677522
54.456880 9.590874
54.558090 9.503627
54.658858 9.415782
54.759185 9.327344
54.859072 9.238315
54.958521 9.148697
55.057535 9.058493
55.156115 8.967706
55.254263 8.876339
55.351980 8.784394
55.449269 8.691873
55.546131 8.598780
55.642568 8.505117
55.738581 8.410887
55.834172 8.316093
55.929344 8.220736
56.024097 8.124820
56.118433 8.028347
56.212355 7.931320
56.305863 7.833742
56.398959 7.735615
56.491645 7.636941
56.583923 7.537724
56.675794 7.437966
56.767260 7.337669
56.858323 7.236836
56.948983 7.135470
57.039243 7.033573
57.129104 6.931148
57.218568 6.828197
57.307636 6.724723
57.396310 6.620728
57.484591 6.516215
57.572482 6.411187
57.659983 6.305646
57.747095 6.199594
57.833822 6.093034
57.920163 5.985969
58.006121 5.878401
58.091696 5.770333
58.176891 5.661766
58.261708 5.552705
58.346146 5.443150
58.430209 5.333105
58.513896 5.222571
58.597211 5.111552
58.680154 5.000050
58.762726 4.888068
58.844930 4.775607
58.926766 4.662671
59.008236 4.549261
59.089342 4.435380
59.170084 4.321031
59.250465 4.206215
59.330485 4.090936
59.410146 3.975196
59.489449 3.858997
59.568396 3.742341
59.646989 3.625232
59.725227 3.507670
59.803114 3.389660
59.880650 3.271202
59.957837 3.152300
60.034675 3.032955
60.111167 2.913170
60.187313 2.792948
60.263115 2.672291
60.338575 2.551201
60.413693 2.429680
60.488471 2.307730
60.562911 2.185355
60.637013 2.062556
60.710779 1.939335
60.784210 1.815695
60.857308 1.691639
60.930073 1.567168
61.002508 1.442284
61.074612 1.316990
61.146389 1.191288
61.217838 1.065181
61.288962 0.938670
61.359761 0.811758
61.430237 0.684447
61.500391 0.556740
61.570225 0.428637
61.639738 0.300143
61.708934 0.171258
61.777813 0.041985
61.846375 -0.087674
