0.000000	1.000000
0.010000	1.020000
0.020000	1.040100
0.030000	1.060301
0.040000	1.080604
0.050000	1.101010
0.060000	1.121519
0.070000	1.142132
0.080000	1.162850
0.090000	1.183673
0.100000	1.204601
0.110000	1.225635
0.120000	1.246775
0.130000	1.268020
0.140000	1.289372
0.150000	1.310829
0.160000	1.332391
0.170000	1.354059
0.180000	1.375831
0.190000	1.397706
0.200000	1.419686
0.210000	1.441767
0.220000	1.463950
0.230000	1.486234
0.240000	1.508616
0.250000	1.531097
0.260000	1.553674
0.270000	1.576347
0.280000	1.599112
0.290000	1.621970
0.300000	1.644917
0.310000	1.667951
0.320000	1.691072
0.330000	1.714275
0.340000	1.737559
0.350000	1.760921
0.360000	1.784358
0.370000	1.807868
0.380000	1.831447
0.390000	1.855092
0.400000	1.878801
0.410000	1.902568
0.420000	1.926392
0.430000	1.950267
0.440000	1.974191
0.450000	1.998158
0.460000	2.022165
0.470000	2.046207
0.480000	2.070280
0.490000	2.094378
0.500000	2.118497
0.510000	2.142631
0.520000	2.166776
0.530000	2.190925
0.540000	2.215073
0.550000	2.239214
0.560000	2.263341
0.570000	2.287449
0.580000	2.311531
0.590000	2.335581
0.600000	2.359590
0.610000	2.383553
0.620000	2.407461
0.630000	2.431308
0.640000	2.455084
0.650000	2.478784
0.660000	2.502397
0.670000	2.525916
0.680000	2.549331
0.690000	2.572635
0.700000	2.595817
0.710000	2.618868
0.720000	2.641778
0.730000	2.664538
0.740000	2.687137
0.750000	2.709565
0.760000	2.731811
0.770000	2.753864
0.780000	2.775712
0.790000	2.797344
0.800000	2.818748
0.810000	2.839912
0.820000	2.860824
0.830000	2.881470
0.840000	2.901838
0.850000	2.921914
0.860000	2.941684
0.870000	2.961135
0.880000	2.980253
0.890000	2.999021
0.900000	3.017427
0.910000	3.035453
0.920000	3.053085
0.930000	3.070307
0.940000	3.087101
0.950000	3.103453
0.960000	3.119343
0.970000	3.134756
0.980000	3.149672
0.990000	3.164075
1.000000	3.177945
