0.000000	0.000000
0.010000	0.020000
0.020000	0.040500
0.030000	0.061511
0.040000	0.083044
0.050000	0.105111
0.060000	0.127722
0.070000	0.150890
0.080000	0.174625
0.090000	0.198941
0.100000	0.223848
0.110000	0.249359
0.120000	0.275486
0.130000	0.302241
0.140000	0.329637
0.150000	0.357687
0.160000	0.386403
0.170000	0.415799
0.180000	0.445887
0.190000	0.476680
0.200000	0.508193
0.210000	0.540438
0.220000	0.573430
0.230000	0.607182
0.240000	0.641709
0.250000	0.677024
0.260000	0.713141
0.270000	0.750076
0.280000	0.787844
0.290000	0.826458
0.300000	0.865934
0.310000	0.906287
0.320000	0.947533
0.330000	0.989687
0.340000	1.032765
0.350000	1.076782
0.360000	1.121755
0.370000	1.167700
0.380000	1.214633
0.390000	1.262571
0.400000	1.311531
0.410000	1.361529
0.420000	1.412583
0.430000	1.464710
0.440000	1.517928
0.450000	1.572254
0.460000	1.627706
0.470000	1.684302
0.480000	1.742061
0.490000	1.801000
0.500000	1.861139
0.510000	1.922496
0.520000	1.985091
0.530000	2.048942
0.540000	2.114068
0.550000	2.180491
0.560000	2.248228
0.570000	2.317301
0.580000	2.387729
0.590000	2.459533
0.600000	2.532733
0.610000	2.607350
0.620000	2.683405
0.630000	2.760920
0.640000	2.839915
0.650000	2.920413
0.660000	3.002434
0.670000	3.086002
0.680000	3.171137
0.690000	3.257863
0.700000	3.346203
0.710000	3.436178
0.720000	3.527812
0.730000	3.621128
0.740000	3.716150
0.750000	3.812901
0.760000	3.911405
0.770000	4.011685
0.780000	4.113767
0.790000	4.217675
0.800000	4.323432
0.810000	4.431065
0.820000	4.540598
0.830000	4.652056
0.840000	4.765465
0.850000	4.880850
0.860000	4.998238
0.870000	5.117654
0.880000	5.239124
0.890000	5.362675
0.900000	5.488334
0.910000	5.616127
0.920000	5.746082
0.930000	5.878225
0.940000	6.012584
0.950000	6.149187
0.960000	6.288061
0.970000	6.429235
0.980000	6.572737
0.990000	6.718594
1.000000	6.866836
