0.000000	1.000000
0.010000	1.000000
0.020000	1.000500
0.030000	1.001501
0.040000	1.003004
0.050000	1.005011
0.060000	1.007522
0.070000	1.010539
0.080000	1.014064
0.090000	1.018098
0.100000	1.022643
0.110000	1.027701
0.120000	1.033274
0.130000	1.039364
0.140000	1.045973
0.150000	1.053103
0.160000	1.060757
0.170000	1.068938
0.180000	1.077647
0.190000	1.086887
0.200000	1.096662
0.210000	1.106975
0.220000	1.117827
0.230000	1.129222
0.240000	1.141164
0.250000	1.153656
0.260000	1.166701
0.270000	1.180302
0.280000	1.194463
0.290000	1.209188
0.300000	1.224480
0.310000	1.240344
0.320000	1.256783
0.330000	1.273801
0.340000	1.291403
0.350000	1.309592
0.360000	1.328373
0.370000	1.347751
0.380000	1.367729
0.390000	1.388312
0.400000	1.409506
0.410000	1.431314
0.420000	1.453742
0.430000	1.476794
0.440000	1.500476
0.450000	1.524792
0.460000	1.549749
0.470000	1.575350
0.480000	1.601601
0.490000	1.628509
0.500000	1.656078
0.510000	1.684313
0.520000	1.713221
0.530000	1.742808
0.540000	1.773078
0.550000	1.804039
0.560000	1.835696
0.570000	1.868054
0.580000	1.901121
0.590000	1.934903
0.600000	1.969405
0.610000	2.004634
0.620000	2.040597
0.630000	2.077299
0.640000	2.114749
0.650000	2.152951
0.660000	2.191914
0.670000	2.231643
0.680000	2.272146
0.690000	2.313429
0.700000	2.355499
0.710000	2.398365
0.720000	2.442031
0.730000	2.486507
0.740000	2.531799
0.750000	2.577914
0.760000	2.624859
0.770000	2.672643
0.780000	2.721272
0.790000	2.770754
0.800000	2.821096
0.810000	2.872307
0.820000	2.924394
0.830000	2.977364
0.840000	3.031226
0.850000	3.085987
0.860000	3.141654
0.870000	3.198237
0.880000	3.255743
0.890000	3.314179
0.900000	3.373554
0.910000	3.433876
0.920000	3.495153
0.930000	3.557393
0.940000	3.620605
0.950000	3.684796
0.960000	3.749974
0.970000	3.816148
0.980000	3.883327
0.990000	3.951518
1.000000	4.020729
