0.000000 0.315000
5.000000 0.314521
10.000000 0.313089
15.000000 0.310724
20.000000 0.307457
25.000000 0.303329
30.000000 0.298396
35.000000 0.292722
40.000000 0.286380
45.000000 0.279452
50.000000 0.272028
55.000000 0.264201
60.000000 0.256069
65.000000 0.247730
70.000000 0.239282
75.000000 0.230821
80.000000 0.222436
85.000000 0.214209
90.000000 0.206216
95.000000 0.198521
100.000000 0.191179
105.000000 0.184234
110.000000 0.177719
115.000000 0.171659
120.000000 0.166069
125.000000 0.160957
130.000000 0.156326
135.000000 0.152173
140.000000 0.148492
145.000000 0.145274
150.000000 0.142512
155.000000 0.140194
160.000000 0.138312
165.000000 0.136858
170.000000 0.135824
175.000000 0.135206
180.000000 0.135000
