0.000000 0.315000
0.087266 0.314521
0.174533 0.313089
0.261799 0.310724
0.349066 0.307457
0.436332 0.303329
0.523599 0.298396
0.610865 0.292722
0.698132 0.286380
0.785398 0.279452
0.872665 0.272028
0.959931 0.264201
1.047198 0.256069
1.134464 0.247730
1.221730 0.239282
1.308997 0.230821
1.396263 0.222436
1.483530 0.214209
1.570796 0.206216
1.658063 0.198521
1.745329 0.191179
1.832596 0.184234
1.919862 0.177719
2.007129 0.171659
2.094395 0.166069
2.181662 0.160957
2.268928 0.156326
2.356194 0.152173
2.443461 0.148492
2.530727 0.145274
2.617994 0.142512
2.705260 0.140194
2.792527 0.138312
2.879793 0.136858
2.967060 0.135824
3.054326 0.135206
3.141593 0.135000
