0.000000	0.000000
1.000000	0.000937
2.000000	0.001874
3.000000	0.002811
4.000000	0.003748
5.000000	0.004685
6.000000	0.005622
7.000000	0.006559
8.000000	0.007496
9.000000	0.008433
10.000000	0.009370
11.000000	0.010307
12.000000	0.011244
13.000000	0.012181
14.000000	0.013118
15.000000	0.014055
16.000000	0.014992
17.000000	0.015929
18.000000	0.016866
19.000000	0.017803
20.000000	0.018741
21.000000	0.019678
22.000000	0.020615
23.000000	0.021552
24.000000	0.022489
25.000000	0.023426
26.000000	0.024363
27.000000	0.025300
28.000000	0.026237
29.000000	0.027175
30.000000	0.028112
31.000000	0.029049
32.000000	0.029986
33.000000	0.030923
34.000000	0.031861
35.000000	0.032798
36.000000	0.033735
37.000000	0.034672
38.000000	0.035610
39.000000	0.036547
40.000000	0.037484
41.000000	0.038422
42.000000	0.039359
43.000000	0.040296
44.000000	0.041234
45.000000	0.042171
46.000000	0.043108
47.000000	0.044046
48.000000	0.044983
49.000000	0.045921
50.000000	0.046858
51.000000	0.047796
52.000000	0.048733
53.000000	0.049671
54.000000	0.050608
55.000000	0.051546
56.000000	0.052484
57.000000	0.053421
58.000000	0.054359
59.000000	0.055297
60.000000	0.056234
61.000000	0.057172
62.000000	0.058110
63.000000	0.059048
64.000000	0.059985
65.000000	0.060923
66.000000	0.061861
67.000000	0.062799
68.000000	0.063737
69.000000	0.064675
70.000000	0.065613
71.000000	0.066551
72.000000	0.067489
73.000000	0.068427
74.000000	0.069365
75.000000	0.070303
76.000000	0.071241
77.000000	0.072179
78.000000	0.073118
79.000000	0.074056
80.000000	0.074994
81.000000	0.075932
82.000000	0.076871
83.000000	0.077809
84.000000	0.078747
85.000000	0.079686
86.000000	0.080624
87.000000	0.081563
88.000000	0.082501
89.000000	0.083440
90.000000	0.084378
91.000000	0.085317
92.000000	0.086256
93.000000	0.087194
94.000000	0.088133
95.000000	0.089072
96.000000	0.090011
97.000000	0.090950
98.000000	0.091888
99.000000	0.092827
100.000000	0.093766
101.000000	0.094705
102.000000	0.095644
103.000000	0.096584
104.000000	0.097523
105.000000	0.098462
106.000000	0.099401
107.000000	0.100340
108.000000	0.101280
109.000000	0.102219
110.000000	0.103158
111.000000	0.104098
112.000000	0.105037
113.000000	0.105977
114.000000	0.106916
115.000000	0.107856
116.000000	0.108796
117.000000	0.109735
118.000000	0.110675
119.000000	0.111615
120.000000	0.112555
121.000000	0.113495
122.000000	0.114435
123.000000	0.115375
124.000000	0.116315
125.000000	0.117255
126.000000	0.118195
127.000000	0.119135
128.000000	0.120075
129.000000	0.121016
130.000000	0.121956
131.000000	0.122896
132.000000	0.123837
133.000000	0.124777
134.000000	0.125718
135.000000	0.126658
136.000000	0.127599
137.000000	0.128540
138.000000	0.129481
139.000000	0.130421
140.000000	0.131362
141.000000	0.132303
142.000000	0.133244
143.000000	0.134185
144.000000	0.135126
145.000000	0.136068
146.000000	0.137009
147.000000	0.137950
148.000000	0.138891
149.000000	0.139833
150.000000	0.140774
151.000000	0.141716
152.000000	0.142657
153.000000	0.143599
154.000000	0.144541
155.000000	0.145483
156.000000	0.146424
157.000000	0.147366
158.000000	0.148308
159.000000	0.149250
160.000000	0.150192
161.000000	0.151134
162.000000	0.152077
163.000000	0.153019
164.000000	0.153961
165.000000	0.154904
166.000000	0.155846
167.000000	0.156789
168.000000	0.157731
169.000000	0.158674
170.000000	0.159617
171.000000	0.160559
172.000000	0.161502
173.000000	0.162445
174.000000	0.163388
175.000000	0.164331
176.000000	0.165275
177.000000	0.166218
178.000000	0.167161
179.000000	0.168104
180.000000	0.169048
181.000000	0.169991
182.000000	0.170935
183.000000	0.171879
184.000000	0.172822
185.000000	0.173766
186.000000	0.174710
187.000000	0.175654
188.000000	0.176598
189.000000	0.177542
190.000000	0.178486
191.000000	0.179431
192.000000	0.180375
193.000000	0.181319
194.000000	0.182264
195.000000	0.183208
196.000000	0.184153
197.000000	0.185098
198.000000	0.186043
199.000000	0.186987
200.000000	0.187932
201.000000	0.188877
202.000000	0.189823
203.000000	0.190768
204.000000	0.191713
205.000000	0.192658
206.000000	0.193604
207.000000	0.194549
208.000000	0.195495
209.000000	0.196441
210.000000	0.197386
211.000000	0.198332
212.000000	0.199278
213.000000	0.200224
214.000000	0.201170
215.000000	0.202117
216.000000	0.203063
217.000000	0.204009
218.000000	0.204956
219.000000	0.205902
220.000000	0.206849
221.000000	0.207796
222.000000	0.208743
223.000000	0.209690
224.000000	0.210637
225.000000	0.211584
226.000000	0.212531
227.000000	0.213478
228.000000	0.214425
229.000000	0.215373
230.000000	0.216320
231.000000	0.217268
232.000000	0.218216
233.000000	0.219164
234.000000	0.220112
235.000000	0.221060
236.000000	0.222008
237.000000	0.222956
238.000000	0.223904
239.000000	0.224853
240.000000	0.225801
241.000000	0.226750
242.000000	0.227698
243.000000	0.228647
244.000000	0.229596
245.000000	0.230545
246.000000	0.231494
247.000000	0.232443
248.000000	0.233393
249.000000	0.234342
250.000000	0.235292
251.000000	0.236241
252.000000	0.237191
253.000000	0.238141
254.000000	0.239090
255.000000	0.240040
256.000000	0.240991
257.000000	0.241941
258.000000	0.242891
259.000000	0.243841
260.000000	0.244792
261.000000	0.245743
262.000000	0.246693
263.000000	0.247644
264.000000	0.248595
265.000000	0.249546
266.000000	0.250497
267.000000	0.251449
268.000000	0.252400
269.000000	0.253351
270.000000	0.254303
271.000000	0.255255
272.000000	0.256207
273.000000	0.257158
274.000000	0.258110
275.000000	0.259063
276.000000	0.260015
277.000000	0.260967
278.000000	0.261920
279.000000	0.262872
280.000000	0.263825
281.000000	0.264778
282.000000	0.265731
283.000000	0.266684
284.000000	0.267637
285.000000	0.268590
286.000000	0.269544
287.000000	0.270497
288.000000	0.271451
289.000000	0.272404
290.000000	0.273358
291.000000	0.274312
292.000000	0.275266
293.000000	0.276221
294.000000	0.277175
295.000000	0.278129
296.000000	0.279084
297.000000	0.280039
298.000000	0.280993
299.000000	0.281948
300.000000	0.282903
301.000000	0.283859
302.000000	0.284814
303.000000	0.285769
304.000000	0.286725
305.000000	0.287680
306.000000	0.288636
307.000000	0.289592
308.000000	0.290548
309.000000	0.291504
310.000000	0.292461
311.000000	0.293417
312.000000	0.294374
313.000000	0.295330
314.000000	0.296287
315.000000	0.297244
316.000000	0.298201
317.000000	0.299158
318.000000	0.300116
319.000000	0.301073
320.000000	0.302031
321.000000	0.302988
322.000000	0.303946
323.000000	0.304904
324.000000	0.305862
325.000000	0.306820
326.000000	0.307779
327.000000	0.308737
328.000000	0.309696
329.000000	0.310655
330.000000	0.311614
331.000000	0.312573
332.000000	0.313532
333.000000	0.314491
334.000000	0.315451
335.000000	0.316410
336.000000	0.317370
337.000000	0.318330
338.000000	0.319290
339.000000	0.320250
340.000000	0.321210
341.000000	0.322170
342.000000	0.323131
343.000000	0.324092
344.000000	0.325052
345.000000	0.326013
346.000000	0.326975
347.000000	0.327936
348.000000	0.328897
349.000000	0.329859
350.000000	0.330820
351.000000	0.331782
352.000000	0.332744
353.000000	0.333706
354.000000	0.334669
355.000000	0.335631
356.000000	0.336594
357.000000	0.337556
358.000000	0.338519
359.000000	0.339482
360.000000	0.340445
361.000000	0.341408
362.000000	0.342372
363.000000	0.343335
364.000000	0.344299
365.000000	0.345263
366.000000	0.346227
367.000000	0.347191
368.000000	0.348156
369.000000	0.349120
370.000000	0.350085
371.000000	0.351049
372.000000	0.352014
373.000000	0.352980
374.000000	0.353945
375.000000	0.354910
376.000000	0.355876
377.000000	0.356841
378.000000	0.357807
379.000000	0.358773
380.000000	0.359739
381.000000	0.360706
382.000000	0.361672
383.000000	0.362639
384.000000	0.363606
385.000000	0.364573
386.000000	0.365540
387.000000	0.366507
388.000000	0.367475
389.000000	0.368442
390.000000	0.369410
391.000000	0.370378
392.000000	0.371346
393.000000	0.372314
394.000000	0.373283
395.000000	0.374251
396.000000	0.375220
397.000000	0.376189
398.000000	0.377158
399.000000	0.378127
400.000000	0.379096
401.000000	0.380066
402.000000	0.381036
403.000000	0.382006
404.000000	0.382976
405.000000	0.383946
406.000000	0.384916
407.000000	0.385887
408.000000	0.386858
409.000000	0.387828
410.000000	0.388799
411.000000	0.389771
412.000000	0.390742
413.000000	0.391714
414.000000	0.392685
415.000000	0.393657
416.000000	0.394629
417.000000	0.395602
418.000000	0.396574
419.000000	0.397547
420.000000	0.398520
421.000000	0.399493
422.000000	0.400466
423.000000	0.401439
424.000000	0.402412
425.000000	0.403386
426.000000	0.404360
427.000000	0.405334
428.000000	0.406308
429.000000	0.407283
430.000000	0.408257
431.000000	0.409232
432.000000	0.410207
433.000000	0.411182
434.000000	0.412157
435.000000	0.413133
436.000000	0.414108
437.000000	0.415084
438.000000	0.416060
439.000000	0.417036
440.000000	0.418012
441.000000	0.418989
442.000000	0.419966
443.000000	0.420943
444.000000	0.421920
445.000000	0.422897
446.000000	0.423875
447.000000	0.424852
448.000000	0.425830
449.000000	0.426808
450.000000	0.427786
451.000000	0.428765
452.000000	0.429743
453.000000	0.430722
454.000000	0.431701
455.000000	0.432680
456.000000	0.433659
457.000000	0.434639
458.000000	0.435619
459.000000	0.436599
460.000000	0.437579
461.000000	0.438559
462.000000	0.439540
463.000000	0.440520
464.000000	0.441501
465.000000	0.442482
466.000000	0.443464
467.000000	0.444445
468.000000	0.445427
469.000000	0.446409
470.000000	0.447391
471.000000	0.448373
472.000000	0.449355
473.000000	0.450338
474.000000	0.451321
475.000000	0.452304
476.000000	0.453287
477.000000	0.454271
478.000000	0.455254
479.000000	0.456238
480.000000	0.457222
481.000000	0.458206
482.000000	0.459191
483.000000	0.460176
484.000000	0.461160
485.000000	0.462146
486.000000	0.463131
487.000000	0.464116
488.000000	0.465102
489.000000	0.466088
490.000000	0.467074
491.000000	0.468060
492.000000	0.469047
493.000000	0.470033
494.000000	0.471020
495.000000	0.472008
496.000000	0.472995
497.000000	0.473982
498.000000	0.474970
499.000000	0.475958
500.000000	0.476946
501.000000	0.477935
502.000000	0.478923
503.000000	0.479912
504.000000	0.480901
505.000000	0.481890
506.000000	0.482880
507.000000	0.483870
508.000000	0.484859
509.000000	0.485850
510.000000	0.486840
511.000000	0.487830
512.000000	0.488821
513.000000	0.489812
514.000000	0.490803
515.000000	0.491795
516.000000	0.492786
517.000000	0.493778
518.000000	0.494770
519.000000	0.495763
520.000000	0.496755
521.000000	0.497748
522.000000	0.498741
523.000000	0.499734
524.000000	0.500727
525.000000	0.501721
526.000000	0.502715
527.000000	0.503709
528.000000	0.504703
529.000000	0.505698
530.000000	0.506692
531.000000	0.507687
532.000000	0.508682
533.000000	0.509678
534.000000	0.510673
535.000000	0.511669
536.000000	0.512665
537.000000	0.513662
538.000000	0.514658
539.000000	0.515655
540.000000	0.516652
541.000000	0.517649
542.000000	0.518647
543.000000	0.519644
544.000000	0.520642
545.000000	0.521641
546.000000	0.522639
547.000000	0.523638
548.000000	0.524636
549.000000	0.525635
550.000000	0.526635
551.000000	0.527634
552.000000	0.528634
553.000000	0.529634
554.000000	0.530635
555.000000	0.531635
556.000000	0.532636
557.000000	0.533637
558.000000	0.534638
559.000000	0.535639
560.000000	0.536641
561.000000	0.537643
562.000000	0.538645
563.000000	0.539648
564.000000	0.540650
565.000000	0.541653
566.000000	0.542656
567.000000	0.543660
568.000000	0.544664
569.000000	0.545667
570.000000	0.546672
571.000000	0.547676
572.000000	0.548681
573.000000	0.549685
574.000000	0.550691
575.000000	0.551696
576.000000	0.552701
577.000000	0.553707
578.000000	0.554713
579.000000	0.555720
580.000000	0.556726
581.000000	0.557733
582.000000	0.558740
583.000000	0.559748
584.000000	0.560755
585.000000	0.561763
586.000000	0.562771
587.000000	0.563780
588.000000	0.564788
589.000000	0.565797
590.000000	0.566806
591.000000	0.567816
592.000000	0.568825
593.000000	0.569835
594.000000	0.570845
595.000000	0.571856
596.000000	0.572866
597.000000	0.573877
598.000000	0.574889
599.000000	0.575900
600.000000	0.576912
601.000000	0.577924
602.000000	0.578936
603.000000	0.579948
604.000000	0.580961
605.000000	0.581974
606.000000	0.582987
607.000000	0.584001
608.000000	0.585015
609.000000	0.586029
610.000000	0.587043
611.000000	0.588058
612.000000	0.589072
613.000000	0.590088
614.000000	0.591103
615.000000	0.592119
616.000000	0.593135
617.000000	0.594151
618.000000	0.595167
619.000000	0.596184
620.000000	0.597201
621.000000	0.598218
622.000000	0.599236
623.000000	0.600254
624.000000	0.601272
625.000000	0.602290
626.000000	0.603309
627.000000	0.604327
628.000000	0.605347
629.000000	0.606366
630.000000	0.607386
631.000000	0.608406
632.000000	0.609426
633.000000	0.610447
634.000000	0.611467
635.000000	0.612489
636.000000	0.613510
637.000000	0.614532
638.000000	0.615554
639.000000	0.616576
640.000000	0.617598
641.000000	0.618621
642.000000	0.619644
643.000000	0.620667
644.000000	0.621691
645.000000	0.622715
646.000000	0.623739
647.000000	0.624764
648.000000	0.625788
649.000000	0.626813
650.000000	0.627839
651.000000	0.628864
652.000000	0.629890
653.000000	0.630916
654.000000	0.631943
655.000000	0.632970
656.000000	0.633997
657.000000	0.635024
658.000000	0.636052
659.000000	0.637080
660.000000	0.638108
661.000000	0.639136
662.000000	0.640165
663.000000	0.641194
664.000000	0.642224
665.000000	0.643253
666.000000	0.644283
667.000000	0.645314
668.000000	0.646344
669.000000	0.647375
670.000000	0.648406
671.000000	0.649438
672.000000	0.650469
673.000000	0.651501
674.000000	0.652534
675.000000	0.653566
676.000000	0.654599
677.000000	0.655632
678.000000	0.656666
679.000000	0.657700
680.000000	0.658734
681.000000	0.659768
682.000000	0.660803
683.000000	0.661838
684.000000	0.662873
685.000000	0.663909
686.000000	0.664945
687.000000	0.665981
688.000000	0.667018
689.000000	0.668055
690.000000	0.669092
691.000000	0.670129
692.000000	0.671167
693.000000	0.672205
694.000000	0.673244
695.000000	0.674282
696.000000	0.675321
697.000000	0.676361
698.000000	0.677400
699.000000	0.678440
700.000000	0.679481
701.000000	0.680521
702.000000	0.681562
703.000000	0.682603
704.000000	0.683645
705.000000	0.684687
706.000000	0.685729
707.000000	0.686771
708.000000	0.687814
709.000000	0.688857
710.000000	0.689900
711.000000	0.690944
712.000000	0.691988
713.000000	0.693033
714.000000	0.694077
715.000000	0.695122
716.000000	0.696168
717.000000	0.697213
718.000000	0.698259
719.000000	0.699306
720.000000	0.700352
721.000000	0.701399
722.000000	0.702446
723.000000	0.703494
724.000000	0.704542
725.000000	0.705590
726.000000	0.706639
727.000000	0.707688
728.000000	0.708737
729.000000	0.709786
730.000000	0.710836
731.000000	0.711886
732.000000	0.712937
733.000000	0.713988
734.000000	0.715039
735.000000	0.716091
736.000000	0.717142
737.000000	0.718195
738.000000	0.719247
739.000000	0.720300
740.000000	0.721353
741.000000	0.722407
742.000000	0.723460
743.000000	0.724515
744.000000	0.725569
745.000000	0.726624
746.000000	0.727679
747.000000	0.728735
748.000000	0.729791
749.000000	0.730847
750.000000	0.731903
751.000000	0.732960
752.000000	0.734018
753.000000	0.735075
754.000000	0.736133
755.000000	0.737191
756.000000	0.738250
757.000000	0.739309
758.000000	0.740368
759.000000	0.741428
760.000000	0.742488
761.000000	0.743548
762.000000	0.744609
763.000000	0.745670
764.000000	0.746731
765.000000	0.747793
766.000000	0.748855
767.000000	0.749917
768.000000	0.750980
769.000000	0.752043
770.000000	0.753107
771.000000	0.754171
772.000000	0.755235
773.000000	0.756299
774.000000	0.757364
775.000000	0.758429
776.000000	0.759495
777.000000	0.760561
778.000000	0.761627
779.000000	0.762694
780.000000	0.763761
781.000000	0.764828
782.000000	0.765896
783.000000	0.766964
784.000000	0.768033
785.000000	0.769101
786.000000	0.770170
787.000000	0.771240
788.000000	0.772310
789.000000	0.773380
790.000000	0.774451
791.000000	0.775522
792.000000	0.776593
793.000000	0.777665
794.000000	0.778737
795.000000	0.779809
796.000000	0.780882
797.000000	0.781955
798.000000	0.783029
799.000000	0.784103
800.000000	0.785177
801.000000	0.786251
802.000000	0.787326
803.000000	0.788402
804.000000	0.789478
805.000000	0.790554
806.000000	0.791630
807.000000	0.792707
808.000000	0.793784
809.000000	0.794862
810.000000	0.795940
811.000000	0.797018
812.000000	0.798097
813.000000	0.799176
814.000000	0.800256
815.000000	0.801335
816.000000	0.802416
817.000000	0.803496
818.000000	0.804577
819.000000	0.805659
820.000000	0.806740
821.000000	0.807822
822.000000	0.808905
823.000000	0.809988
824.000000	0.811071
825.000000	0.812155
826.000000	0.813239
827.000000	0.814323
828.000000	0.815408
829.000000	0.816493
830.000000	0.817579
831.000000	0.818665
832.000000	0.819751
833.000000	0.820838
834.000000	0.821925
835.000000	0.823013
836.000000	0.824101
837.000000	0.825189
838.000000	0.826278
839.000000	0.827367
840.000000	0.828456
841.000000	0.829546
842.000000	0.830636
843.000000	0.831727
844.000000	0.832818
845.000000	0.833909
846.000000	0.835001
847.000000	0.836093
848.000000	0.837186
849.000000	0.838279
850.000000	0.839373
851.000000	0.840466
852.000000	0.841561
853.000000	0.842655
854.000000	0.843750
855.000000	0.844846
856.000000	0.845942
857.000000	0.847038
858.000000	0.848134
859.000000	0.849231
860.000000	0.850329
861.000000	0.851427
862.000000	0.852525
863.000000	0.853624
864.000000	0.854723
865.000000	0.855822
866.000000	0.856922
867.000000	0.858022
868.000000	0.859123
869.000000	0.860224
870.000000	0.861326
871.000000	0.862428
872.000000	0.863530
873.000000	0.864633
874.000000	0.865736
875.000000	0.866840
876.000000	0.867944
877.000000	0.869048
878.000000	0.870153
879.000000	0.871258
880.000000	0.872364
881.000000	0.873470
882.000000	0.874576
883.000000	0.875683
884.000000	0.876790
885.000000	0.877898
886.000000	0.879006
887.000000	0.880115
888.000000	0.881224
889.000000	0.882333
890.000000	0.883443
891.000000	0.884554
892.000000	0.885664
893.000000	0.886775
894.000000	0.887887
895.000000	0.888999
896.000000	0.890111
897.000000	0.891224
898.000000	0.892338
899.000000	0.893451
900.000000	0.894565
901.000000	0.895680
902.000000	0.896795
903.000000	0.897910
904.000000	0.899026
905.000000	0.900142
906.000000	0.901259
907.000000	0.902376
908.000000	0.903494
909.000000	0.904612
910.000000	0.905730
911.000000	0.906849
912.000000	0.907969
913.000000	0.909088
914.000000	0.910208
915.000000	0.911329
916.000000	0.912450
917.000000	0.913572
918.000000	0.914694
919.000000	0.915816
920.000000	0.916939
921.000000	0.918062
922.000000	0.919186
923.000000	0.920310
924.000000	0.921435
925.000000	0.922560
926.000000	0.923685
927.000000	0.924811
928.000000	0.925938
929.000000	0.927064
930.000000	0.928192
931.000000	0.929320
932.000000	0.930448
933.000000	0.931576
934.000000	0.932705
935.000000	0.933835
936.000000	0.934965
937.000000	0.936095
938.000000	0.937226
939.000000	0.938358
940.000000	0.939490
941.000000	0.940622
942.000000	0.941755
943.000000	0.942888
944.000000	0.944021
945.000000	0.945155
946.000000	0.946290
947.000000	0.947425
948.000000	0.948561
949.000000	0.949696
950.000000	0.950833
951.000000	0.951970
952.000000	0.953107
953.000000	0.954245
954.000000	0.955383
955.000000	0.956522
956.000000	0.957661
957.000000	0.958801
958.000000	0.959941
959.000000	0.961081
960.000000	0.962222
961.000000	0.963364
962.000000	0.964506
963.000000	0.965648
964.000000	0.966791
965.000000	0.967935
966.000000	0.969079
967.000000	0.970223
968.000000	0.971368
969.000000	0.972513
970.000000	0.973659
971.000000	0.974805
972.000000	0.975952
973.000000	0.977099
974.000000	0.978247
975.000000	0.979395
976.000000	0.980543
977.000000	0.981692
978.000000	0.982842
979.000000	0.983992
980.000000	0.985143
981.000000	0.986294
982.000000	0.987445
983.000000	0.988597
984.000000	0.989750
985.000000	0.990903
986.000000	0.992056
987.000000	0.993210
988.000000	0.994364
989.000000	0.995519
990.000000	0.996675
991.000000	0.997831
992.000000	0.998987
993.000000	1.000144
994.000000	1.001301
995.000000	1.002459
996.000000	1.003617
997.000000	1.004776
998.000000	1.005936
999.000000	1.007095
1000.000000	1.008256
1001.000000	1.009416
1002.000000	1.010578
1003.000000	1.011740
1004.000000	1.012902
1005.000000	1.014065
1006.000000	1.015228
1007.000000	1.016392
1008.000000	1.017556
1009.000000	1.018721
1010.000000	1.019886
1011.000000	1.021052
1012.000000	1.022218
1013.000000	1.023385
1014.000000	1.024552
1015.000000	1.025720
1016.000000	1.026889
1017.000000	1.028057
1018.000000	1.029227
1019.000000	1.030397
1020.000000	1.031567
1021.000000	1.032738
1022.000000	1.033909
1023.000000	1.035081
1024.000000	1.036253
1025.000000	1.037426
1026.000000	1.038600
1027.000000	1.039774
1028.000000	1.040948
1029.000000	1.042123
1030.000000	1.043299
1031.000000	1.044475
1032.000000	1.045651
1033.000000	1.046828
1034.000000	1.048006
