0.000000	0.000937
1.000000	0.000937
2.000000	0.000937
3.000000	0.000937
4.000000	0.000937
5.000000	0.000937
6.000000	0.000937
7.000000	0.000937
8.000000	0.000937
9.000000	0.000937
10.000000	0.000937
11.000000	0.000937
12.000000	0.000937
13.000000	0.000937
14.000000	0.000937
15.000000	0.000937
16.000000	0.000937
17.000000	0.000937
18.000000	0.000937
19.000000	0.000937
20.000000	0.000937
21.000000	0.000937
22.000000	0.000937
23.000000	0.000937
24.000000	0.000937
25.000000	0.000937
26.000000	0.000937
27.000000	0.000937
28.000000	0.000937
29.000000	0.000937
30.000000	0.000937
31.000000	0.000937
32.000000	0.000937
33.000000	0.000937
34.000000	0.000937
35.000000	0.000937
36.000000	0.000937
37.000000	0.000937
38.000000	0.000937
39.000000	0.000937
40.000000	0.000937
41.000000	0.000937
42.000000	0.000937
43.000000	0.000937
44.000000	0.000937
45.000000	0.000937
46.000000	0.000937
47.000000	0.000937
48.000000	0.000937
49.000000	0.000937
50.000000	0.000937
51.000000	0.000938
52.000000	0.000938
53.000000	0.000938
54.000000	0.000938
55.000000	0.000938
56.000000	0.000938
57.000000	0.000938
58.000000	0.000938
59.000000	0.000938
60.000000	0.000938
61.000000	0.000938
62.000000	0.000938
63.000000	0.000938
64.000000	0.000938
65.000000	0.000938
66.000000	0.000938
67.000000	0.000938
68.000000	0.000938
69.000000	0.000938
70.000000	0.000938
71.000000	0.000938
72.000000	0.000938
73.000000	0.000938
74.000000	0.000938
75.000000	0.000938
76.000000	0.000938
77.000000	0.000938
78.000000	0.000938
79.000000	0.000938
80.000000	0.000938
81.000000	0.000938
82.000000	0.000938
83.000000	0.000938
84.000000	0.000938
85.000000	0.000938
86.000000	0.000938
87.000000	0.000939
88.000000	0.000939
89.000000	0.000939
90.000000	0.000939
91.000000	0.000939
92.000000	0.000939
93.000000	0.000939
94.000000	0.000939
95.000000	0.000939
96.000000	0.000939
97.000000	0.000939
98.000000	0.000939
99.000000	0.000939
100.000000	0.000939
101.000000	0.000939
102.000000	0.000939
103.000000	0.000939
104.000000	0.000939
105.000000	0.000939
106.000000	0.000939
107.000000	0.000939
108.000000	0.000939
109.000000	0.000939
110.000000	0.000939
111.000000	0.000939
112.000000	0.000940
113.000000	0.000940
114.000000	0.000940
115.000000	0.000940
116.000000	0.000940
117.000000	0.000940
118.000000	0.000940
119.000000	0.000940
120.000000	0.000940
121.000000	0.000940
122.000000	0.000940
123.000000	0.000940
124.000000	0.000940
125.000000	0.000940
126.000000	0.000940
127.000000	0.000940
128.000000	0.000940
129.000000	0.000940
130.000000	0.000940
131.000000	0.000940
132.000000	0.000940
133.000000	0.000941
134.000000	0.000941
135.000000	0.000941
136.000000	0.000941
137.000000	0.000941
138.000000	0.000941
139.000000	0.000941
140.000000	0.000941
141.000000	0.000941
142.000000	0.000941
143.000000	0.000941
144.000000	0.000941
145.000000	0.000941
146.000000	0.000941
147.000000	0.000941
148.000000	0.000941
149.000000	0.000941
150.000000	0.000941
151.000000	0.000942
152.000000	0.000942
153.000000	0.000942
154.000000	0.000942
155.000000	0.000942
156.000000	0.000942
157.000000	0.000942
158.000000	0.000942
159.000000	0.000942
160.000000	0.000942
161.000000	0.000942
162.000000	0.000942
163.000000	0.000942
164.000000	0.000942
165.000000	0.000942
166.000000	0.000943
167.000000	0.000943
168.000000	0.000943
169.000000	0.000943
170.000000	0.000943
171.000000	0.000943
172.000000	0.000943
173.000000	0.000943
174.000000	0.000943
175.000000	0.000943
176.000000	0.000943
177.000000	0.000943
178.000000	0.000943
179.000000	0.000943
180.000000	0.000943
181.000000	0.000944
182.000000	0.000944
183.000000	0.000944
184.000000	0.000944
185.000000	0.000944
186.000000	0.000944
187.000000	0.000944
188.000000	0.000944
189.000000	0.000944
190.000000	0.000944
191.000000	0.000944
192.000000	0.000944
193.000000	0.000944
194.000000	0.000945
195.000000	0.000945
196.000000	0.000945
197.000000	0.000945
198.000000	0.000945
199.000000	0.000945
200.000000	0.000945
201.000000	0.000945
202.000000	0.000945
203.000000	0.000945
204.000000	0.000945
205.000000	0.000945
206.000000	0.000945
207.000000	0.000946
208.000000	0.000946
209.000000	0.000946
210.000000	0.000946
211.000000	0.000946
212.000000	0.000946
213.000000	0.000946
214.000000	0.000946
215.000000	0.000946
216.000000	0.000946
217.000000	0.000946
218.000000	0.000947
219.000000	0.000947
220.000000	0.000947
221.000000	0.000947
222.000000	0.000947
223.000000	0.000947
224.000000	0.000947
225.000000	0.000947
226.000000	0.000947
227.000000	0.000947
228.000000	0.000947
229.000000	0.000948
230.000000	0.000948
231.000000	0.000948
232.000000	0.000948
233.000000	0.000948
234.000000	0.000948
235.000000	0.000948
236.000000	0.000948
237.000000	0.000948
238.000000	0.000948
239.000000	0.000948
240.000000	0.000949
241.000000	0.000949
242.000000	0.000949
243.000000	0.000949
244.000000	0.000949
245.000000	0.000949
246.000000	0.000949
247.000000	0.000949
248.000000	0.000949
249.000000	0.000949
250.000000	0.000950
251.000000	0.000950
252.000000	0.000950
253.000000	0.000950
254.000000	0.000950
255.000000	0.000950
256.000000	0.000950
257.000000	0.000950
258.000000	0.000950
259.000000	0.000950
260.000000	0.000951
261.000000	0.000951
262.000000	0.000951
263.000000	0.000951
264.000000	0.000951
265.000000	0.000951
266.000000	0.000951
267.000000	0.000951
268.000000	0.000951
269.000000	0.000952
270.000000	0.000952
271.000000	0.000952
272.000000	0.000952
273.000000	0.000952
274.000000	0.000952
275.000000	0.000952
276.000000	0.000952
277.000000	0.000952
278.000000	0.000953
279.000000	0.000953
280.000000	0.000953
281.000000	0.000953
282.000000	0.000953
283.000000	0.000953
284.000000	0.000953
285.000000	0.000953
286.000000	0.000953
287.000000	0.000954
288.000000	0.000954
289.000000	0.000954
290.000000	0.000954
291.000000	0.000954
292.000000	0.000954
293.000000	0.000954
294.000000	0.000954
295.000000	0.000955
296.000000	0.000955
297.000000	0.000955
298.000000	0.000955
299.000000	0.000955
300.000000	0.000955
301.000000	0.000955
302.000000	0.000955
303.000000	0.000955
304.000000	0.000956
305.000000	0.000956
306.000000	0.000956
307.000000	0.000956
308.000000	0.000956
309.000000	0.000956
310.000000	0.000956
311.000000	0.000956
312.000000	0.000957
313.000000	0.000957
314.000000	0.000957
315.000000	0.000957
316.000000	0.000957
317.000000	0.000957
318.000000	0.000957
319.000000	0.000958
320.000000	0.000958
321.000000	0.000958
322.000000	0.000958
323.000000	0.000958
324.000000	0.000958
325.000000	0.000958
326.000000	0.000958
327.000000	0.000959
328.000000	0.000959
329.000000	0.000959
330.000000	0.000959
331.000000	0.000959
332.000000	0.000959
333.000000	0.000959
334.000000	0.000960
335.000000	0.000960
336.000000	0.000960
337.000000	0.000960
338.000000	0.000960
339.000000	0.000960
340.000000	0.000960
341.000000	0.000960
342.000000	0.000961
343.000000	0.000961
344.000000	0.000961
345.000000	0.000961
346.000000	0.000961
347.000000	0.000961
348.000000	0.000961
349.000000	0.000962
350.000000	0.000962
351.000000	0.000962
352.000000	0.000962
353.000000	0.000962
354.000000	0.000962
355.000000	0.000962
356.000000	0.000963
357.000000	0.000963
358.000000	0.000963
359.000000	0.000963
360.000000	0.000963
361.000000	0.000963
362.000000	0.000964
363.000000	0.000964
364.000000	0.000964
365.000000	0.000964
366.000000	0.000964
367.000000	0.000964
368.000000	0.000964
369.000000	0.000965
370.000000	0.000965
371.000000	0.000965
372.000000	0.000965
373.000000	0.000965
374.000000	0.000965
375.000000	0.000965
376.000000	0.000966
377.000000	0.000966
378.000000	0.000966
379.000000	0.000966
380.000000	0.000966
381.000000	0.000966
382.000000	0.000967
383.000000	0.000967
384.000000	0.000967
385.000000	0.000967
386.000000	0.000967
387.000000	0.000967
388.000000	0.000968
389.000000	0.000968
390.000000	0.000968
391.000000	0.000968
392.000000	0.000968
393.000000	0.000968
394.000000	0.000968
395.000000	0.000969
396.000000	0.000969
397.000000	0.000969
398.000000	0.000969
399.000000	0.000969
400.000000	0.000969
401.000000	0.000970
402.000000	0.000970
403.000000	0.000970
404.000000	0.000970
405.000000	0.000970
406.000000	0.000970
407.000000	0.000971
408.000000	0.000971
409.000000	0.000971
410.000000	0.000971
411.000000	0.000971
412.000000	0.000971
413.000000	0.000972
414.000000	0.000972
415.000000	0.000972
416.000000	0.000972
417.000000	0.000972
418.000000	0.000973
419.000000	0.000973
420.000000	0.000973
421.000000	0.000973
422.000000	0.000973
423.000000	0.000973
424.000000	0.000974
425.000000	0.000974
426.000000	0.000974
427.000000	0.000974
428.000000	0.000974
429.000000	0.000974
430.000000	0.000975
431.000000	0.000975
432.000000	0.000975
433.000000	0.000975
434.000000	0.000975
435.000000	0.000976
436.000000	0.000976
437.000000	0.000976
438.000000	0.000976
439.000000	0.000976
440.000000	0.000976
441.000000	0.000977
442.000000	0.000977
443.000000	0.000977
444.000000	0.000977
445.000000	0.000977
446.000000	0.000978
447.000000	0.000978
448.000000	0.000978
449.000000	0.000978
450.000000	0.000978
451.000000	0.000978
452.000000	0.000979
453.000000	0.000979
454.000000	0.000979
455.000000	0.000979
456.000000	0.000979
457.000000	0.000980
458.000000	0.000980
459.000000	0.000980
460.000000	0.000980
461.000000	0.000980
462.000000	0.000981
463.000000	0.000981
464.000000	0.000981
465.000000	0.000981
466.000000	0.000981
467.000000	0.000982
468.000000	0.000982
469.000000	0.000982
470.000000	0.000982
471.000000	0.000982
472.000000	0.000983
473.000000	0.000983
474.000000	0.000983
475.000000	0.000983
476.000000	0.000983
477.000000	0.000984
478.000000	0.000984
479.000000	0.000984
480.000000	0.000984
481.000000	0.000984
482.000000	0.000985
483.000000	0.000985
484.000000	0.000985
485.000000	0.000985
486.000000	0.000985
487.000000	0.000986
488.000000	0.000986
489.000000	0.000986
490.000000	0.000986
491.000000	0.000986
492.000000	0.000987
493.000000	0.000987
494.000000	0.000987
495.000000	0.000987
496.000000	0.000987
497.000000	0.000988
498.000000	0.000988
499.000000	0.000988
500.000000	0.000988
501.000000	0.000989
502.000000	0.000989
503.000000	0.000989
504.000000	0.000989
505.000000	0.000989
506.000000	0.000990
507.000000	0.000990
508.000000	0.000990
509.000000	0.000990
510.000000	0.000990
511.000000	0.000991
512.000000	0.000991
513.000000	0.000991
514.000000	0.000991
515.000000	0.000992
516.000000	0.000992
517.000000	0.000992
518.000000	0.000992
519.000000	0.000992
520.000000	0.000993
521.000000	0.000993
522.000000	0.000993
523.000000	0.000993
524.000000	0.000993
525.000000	0.000994
526.000000	0.000994
527.000000	0.000994
528.000000	0.000994
529.000000	0.000995
530.000000	0.000995
531.000000	0.000995
532.000000	0.000995
533.000000	0.000996
534.000000	0.000996
535.000000	0.000996
536.000000	0.000996
537.000000	0.000996
538.000000	0.000997
539.000000	0.000997
540.000000	0.000997
541.000000	0.000997
542.000000	0.000998
543.000000	0.000998
544.000000	0.000998
545.000000	0.000998
546.000000	0.000999
547.000000	0.000999
548.000000	0.000999
549.000000	0.000999
550.000000	0.000999
551.000000	0.001000
552.000000	0.001000
553.000000	0.001000
554.000000	0.001000
555.000000	0.001001
556.000000	0.001001
557.000000	0.001001
558.000000	0.001001
559.000000	0.001002
560.000000	0.001002
561.000000	0.001002
562.000000	0.001002
563.000000	0.001003
564.000000	0.001003
565.000000	0.001003
566.000000	0.001003
567.000000	0.001004
568.000000	0.001004
569.000000	0.001004
570.000000	0.001004
571.000000	0.001004
572.000000	0.001005
573.000000	0.001005
574.000000	0.001005
575.000000	0.001005
576.000000	0.001006
577.000000	0.001006
578.000000	0.001006
579.000000	0.001006
580.000000	0.001007
581.000000	0.001007
582.000000	0.001007
583.000000	0.001007
584.000000	0.001008
585.000000	0.001008
586.000000	0.001008
587.000000	0.001008
588.000000	0.001009
589.000000	0.001009
590.000000	0.001009
591.000000	0.001010
592.000000	0.001010
593.000000	0.001010
594.000000	0.001010
595.000000	0.001011
596.000000	0.001011
597.000000	0.001011
598.000000	0.001011
599.000000	0.001012
600.000000	0.001012
601.000000	0.001012
602.000000	0.001012
603.000000	0.001013
604.000000	0.001013
605.000000	0.001013
606.000000	0.001013
607.000000	0.001014
608.000000	0.001014
609.000000	0.001014
610.000000	0.001014
611.000000	0.001015
612.000000	0.001015
613.000000	0.001015
614.000000	0.001016
615.000000	0.001016
616.000000	0.001016
617.000000	0.001016
618.000000	0.001017
619.000000	0.001017
620.000000	0.001017
621.000000	0.001017
622.000000	0.001018
623.000000	0.001018
624.000000	0.001018
625.000000	0.001018
626.000000	0.001019
627.000000	0.001019
628.000000	0.001019
629.000000	0.001020
630.000000	0.001020
631.000000	0.001020
632.000000	0.001020
633.000000	0.001021
634.000000	0.001021
635.000000	0.001021
636.000000	0.001022
637.000000	0.001022
638.000000	0.001022
639.000000	0.001022
640.000000	0.001023
641.000000	0.001023
642.000000	0.001023
643.000000	0.001023
644.000000	0.001024
645.000000	0.001024
646.000000	0.001024
647.000000	0.001025
648.000000	0.001025
649.000000	0.001025
650.000000	0.001025
651.000000	0.001026
652.000000	0.001026
653.000000	0.001026
654.000000	0.001027
655.000000	0.001027
656.000000	0.001027
657.000000	0.001027
658.000000	0.001028
659.000000	0.001028
660.000000	0.001028
661.000000	0.001029
662.000000	0.001029
663.000000	0.001029
664.000000	0.001030
665.000000	0.001030
666.000000	0.001030
667.000000	0.001030
668.000000	0.001031
669.000000	0.001031
670.000000	0.001031
671.000000	0.001032
672.000000	0.001032
673.000000	0.001032
674.000000	0.001032
675.000000	0.001033
676.000000	0.001033
677.000000	0.001033
678.000000	0.001034
679.000000	0.001034
680.000000	0.001034
681.000000	0.001035
682.000000	0.001035
683.000000	0.001035
684.000000	0.001035
685.000000	0.001036
686.000000	0.001036
687.000000	0.001036
688.000000	0.001037
689.000000	0.001037
690.000000	0.001037
691.000000	0.001038
692.000000	0.001038
693.000000	0.001038
694.000000	0.001039
695.000000	0.001039
696.000000	0.001039
697.000000	0.001039
698.000000	0.001040
699.000000	0.001040
700.000000	0.001040
701.000000	0.001041
702.000000	0.001041
703.000000	0.001041
704.000000	0.001042
705.000000	0.001042
706.000000	0.001042
707.000000	0.001043
708.000000	0.001043
709.000000	0.001043
710.000000	0.001044
711.000000	0.001044
712.000000	0.001044
713.000000	0.001045
714.000000	0.001045
715.000000	0.001045
716.000000	0.001045
717.000000	0.001046
718.000000	0.001046
719.000000	0.001046
720.000000	0.001047
721.000000	0.001047
722.000000	0.001047
723.000000	0.001048
724.000000	0.001048
725.000000	0.001048
726.000000	0.001049
727.000000	0.001049
728.000000	0.001049
729.000000	0.001050
730.000000	0.001050
731.000000	0.001050
732.000000	0.001051
733.000000	0.001051
734.000000	0.001051
735.000000	0.001052
736.000000	0.001052
737.000000	0.001052
738.000000	0.001053
739.000000	0.001053
740.000000	0.001053
741.000000	0.001054
742.000000	0.001054
743.000000	0.001054
744.000000	0.001055
745.000000	0.001055
746.000000	0.001055
747.000000	0.001056
748.000000	0.001056
749.000000	0.001056
750.000000	0.001057
751.000000	0.001057
752.000000	0.001057
753.000000	0.001058
754.000000	0.001058
755.000000	0.001058
756.000000	0.001059
757.000000	0.001059
758.000000	0.001059
759.000000	0.001060
760.000000	0.001060
761.000000	0.001061
762.000000	0.001061
763.000000	0.001061
764.000000	0.001062
765.000000	0.001062
766.000000	0.001062
767.000000	0.001063
768.000000	0.001063
769.000000	0.001063
770.000000	0.001064
771.000000	0.001064
772.000000	0.001064
773.000000	0.001065
774.000000	0.001065
775.000000	0.001065
776.000000	0.001066
777.000000	0.001066
778.000000	0.001066
779.000000	0.001067
780.000000	0.001067
781.000000	0.001068
782.000000	0.001068
783.000000	0.001068
784.000000	0.001069
785.000000	0.001069
786.000000	0.001069
787.000000	0.001070
788.000000	0.001070
789.000000	0.001070
790.000000	0.001071
791.000000	0.001071
792.000000	0.001072
793.000000	0.001072
794.000000	0.001072
795.000000	0.001073
796.000000	0.001073
797.000000	0.001073
798.000000	0.001074
799.000000	0.001074
800.000000	0.001074
801.000000	0.001075
802.000000	0.001075
803.000000	0.001076
804.000000	0.001076
805.000000	0.001076
806.000000	0.001077
807.000000	0.001077
808.000000	0.001077
809.000000	0.001078
810.000000	0.001078
811.000000	0.001079
812.000000	0.001079
813.000000	0.001079
814.000000	0.001080
815.000000	0.001080
816.000000	0.001080
817.000000	0.001081
818.000000	0.001081
819.000000	0.001082
820.000000	0.001082
821.000000	0.001082
822.000000	0.001083
823.000000	0.001083
824.000000	0.001083
825.000000	0.001084
826.000000	0.001084
827.000000	0.001085
828.000000	0.001085
829.000000	0.001085
830.000000	0.001086
831.000000	0.001086
832.000000	0.001087
833.000000	0.001087
834.000000	0.001087
835.000000	0.001088
836.000000	0.001088
837.000000	0.001088
838.000000	0.001089
839.000000	0.001089
840.000000	0.001090
841.000000	0.001090
842.000000	0.001090
843.000000	0.001091
844.000000	0.001091
845.000000	0.001092
846.000000	0.001092
847.000000	0.001092
848.000000	0.001093
849.000000	0.001093
850.000000	0.001094
851.000000	0.001094
852.000000	0.001094
853.000000	0.001095
854.000000	0.001095
855.000000	0.001096
856.000000	0.001096
857.000000	0.001096
858.000000	0.001097
859.000000	0.001097
860.000000	0.001098
861.000000	0.001098
862.000000	0.001098
863.000000	0.001099
864.000000	0.001099
865.000000	0.001100
866.000000	0.001100
867.000000	0.001100
868.000000	0.001101
869.000000	0.001101
870.000000	0.001102
871.000000	0.001102
872.000000	0.001103
873.000000	0.001103
874.000000	0.001103
875.000000	0.001104
876.000000	0.001104
877.000000	0.001105
878.000000	0.001105
879.000000	0.001105
880.000000	0.001106
881.000000	0.001106
882.000000	0.001107
883.000000	0.001107
884.000000	0.001108
885.000000	0.001108
886.000000	0.001108
887.000000	0.001109
888.000000	0.001109
889.000000	0.001110
890.000000	0.001110
891.000000	0.001110
892.000000	0.001111
893.000000	0.001111
894.000000	0.001112
895.000000	0.001112
896.000000	0.001113
897.000000	0.001113
898.000000	0.001113
899.000000	0.001114
900.000000	0.001114
901.000000	0.001115
902.000000	0.001115
903.000000	0.001116
904.000000	0.001116
905.000000	0.001116
906.000000	0.001117
907.000000	0.001117
908.000000	0.001118
909.000000	0.001118
910.000000	0.001119
911.000000	0.001119
912.000000	0.001120
913.000000	0.001120
914.000000	0.001120
915.000000	0.001121
916.000000	0.001121
917.000000	0.001122
918.000000	0.001122
919.000000	0.001123
920.000000	0.001123
921.000000	0.001124
922.000000	0.001124
923.000000	0.001124
924.000000	0.001125
925.000000	0.001125
926.000000	0.001126
927.000000	0.001126
928.000000	0.001127
929.000000	0.001127
930.000000	0.001128
931.000000	0.001128
932.000000	0.001128
933.000000	0.001129
934.000000	0.001129
935.000000	0.001130
936.000000	0.001130
937.000000	0.001131
938.000000	0.001131
939.000000	0.001132
940.000000	0.001132
941.000000	0.001132
942.000000	0.001133
943.000000	0.001133
944.000000	0.001134
945.000000	0.001134
946.000000	0.001135
947.000000	0.001135
948.000000	0.001136
949.000000	0.001136
950.000000	0.001137
951.000000	0.001137
952.000000	0.001138
953.000000	0.001138
954.000000	0.001138
955.000000	0.001139
956.000000	0.001139
957.000000	0.001140
958.000000	0.001140
959.000000	0.001141
960.000000	0.001141
961.000000	0.001142
962.000000	0.001142
963.000000	0.001143
964.000000	0.001143
965.000000	0.001144
966.000000	0.001144
967.000000	0.001145
968.000000	0.001145
969.000000	0.001146
970.000000	0.001146
971.000000	0.001146
972.000000	0.001147
973.000000	0.001147
974.000000	0.001148
975.000000	0.001148
976.000000	0.001149
977.000000	0.001149
978.000000	0.001150
979.000000	0.001150
980.000000	0.001151
981.000000	0.001151
982.000000	0.001152
983.000000	0.001152
984.000000	0.001153
985.000000	0.001153
986.000000	0.001154
987.000000	0.001154
988.000000	0.001155
989.000000	0.001155
990.000000	0.001156
991.000000	0.001156
992.000000	0.001157
993.000000	0.001157
994.000000	0.001158
995.000000	0.001158
996.000000	0.001159
997.000000	0.001159
998.000000	0.001160
999.000000	0.001160
1000.000000	0.001161
1001.000000	0.001161
1002.000000	0.001162
1003.000000	0.001162
1004.000000	0.001163
1005.000000	0.001163
1006.000000	0.001164
1007.000000	0.001164
1008.000000	0.001165
1009.000000	0.001165
1010.000000	0.001166
1011.000000	0.001166
1012.000000	0.001167
1013.000000	0.001167
1014.000000	0.001168
1015.000000	0.001168
1016.000000	0.001169
1017.000000	0.001169
1018.000000	0.001170
1019.000000	0.001170
1020.000000	0.001171
1021.000000	0.001171
1022.000000	0.001172
1023.000000	0.001172
1024.000000	0.001173
1025.000000	0.001173
1026.000000	0.001174
1027.000000	0.001174
1028.000000	0.001175
1029.000000	0.001175
1030.000000	0.001176
1031.000000	0.001176
1032.000000	0.001177
1033.000000	0.001177
1034.000000	0.001178
