0.000000	0.000000
0.000010	0.000000
0.000020	0.000002
0.000030	0.000006
0.000040	0.000013
0.000050	0.000026
0.000060	0.000045
0.000070	0.000071
0.000080	0.000106
0.000090	0.000150
0.000100	0.000206
0.000110	0.000274
0.000120	0.000355
0.000130	0.000451
0.000140	0.000563
0.000150	0.000692
0.000160	0.000839
0.000170	0.001005
0.000180	0.001192
0.000190	0.001400
0.000200	0.001631
0.000210	0.001886
0.000220	0.002166
0.000230	0.002472
0.000240	0.002805
0.000250	0.003167
0.000260	0.003558
0.000270	0.003980
0.000280	0.004434
0.000290	0.004920
0.000300	0.005440
0.000310	0.005995
0.000320	0.006587
0.000330	0.007215
0.000340	0.007882
0.000350	0.008587
0.000360	0.009333
0.000370	0.010121
0.000380	0.010950
0.000390	0.011823
0.000400	0.012740
0.000410	0.013703
0.000420	0.014712
0.000430	0.015768
0.000440	0.016873
0.000450	0.018027
0.000460	0.019232
0.000470	0.020488
0.000480	0.021796
0.000490	0.023157
0.000500	0.024573
0.000510	0.026043
0.000520	0.027570
0.000530	0.029154
0.000540	0.030795
0.000550	0.032495
0.000560	0.034255
0.000570	0.036076
0.000580	0.037958
0.000590	0.039903
0.000600	0.041911
0.000610	0.043983
0.000620	0.046120
0.000630	0.048323
0.000640	0.050593
0.000650	0.052930
0.000660	0.055336
0.000670	0.057811
0.000680	0.060355
0.000690	0.062971
0.000700	0.065659
0.000710	0.068419
0.000720	0.071252
0.000730	0.074159
0.000740	0.077141
0.000750	0.080198
0.000760	0.083332
0.000770	0.086543
0.000780	0.089832
0.000790	0.093199
0.000800	0.096646
0.000810	0.100172
0.000820	0.103780
0.000830	0.107469
0.000840	0.111239
0.000850	0.115093
0.000860	0.119030
0.000870	0.123052
0.000880	0.127158
0.000890	0.131349
0.000900	0.135627
0.000910	0.139992
0.000920	0.144444
0.000930	0.148984
0.000940	0.153613
0.000950	0.158331
0.000960	0.163138
0.000970	0.168037
0.000980	0.173026
0.000990	0.178107
0.001000	0.183280
0.001010	0.188546
0.001020	0.193906
0.001030	0.199359
0.001040	0.204907
0.001050	0.210549
0.001060	0.216287
0.001070	0.222121
0.001080	0.228052
0.001090	0.234079
0.001100	0.240204
0.001110	0.246427
0.001120	0.252749
0.001130	0.259169
0.001140	0.265689
0.001150	0.272308
0.001160	0.279028
0.001170	0.285849
0.001180	0.292770
0.001190	0.299793
0.001200	0.306919
0.001210	0.314146
0.001220	0.321476
0.001230	0.328910
0.001240	0.336447
0.001250	0.344087
0.001260	0.351832
0.001270	0.359682
0.001280	0.367637
0.001290	0.375697
0.001300	0.383862
0.001310	0.392134
0.001320	0.400511
0.001330	0.408996
0.001340	0.417587
0.001350	0.426285
0.001360	0.435091
0.001370	0.444004
0.001380	0.453026
0.001390	0.462155
0.001400	0.471394
0.001410	0.480740
0.001420	0.490196
0.001430	0.499761
0.001440	0.509436
0.001450	0.519220
0.001460	0.529114
0.001470	0.539118
0.001480	0.549232
0.001490	0.559456
0.001500	0.569791
0.001510	0.580237
0.001520	0.590794
0.001530	0.601461
0.001540	0.612240
0.001550	0.623130
0.001560	0.634131
0.001570	0.645244
0.001580	0.656469
0.001590	0.667805
0.001600	0.679254
0.001610	0.690814
0.001620	0.702486
0.001630	0.714270
0.001640	0.726166
0.001650	0.738174
0.001660	0.750295
0.001670	0.762527
0.001680	0.774872
0.001690	0.787330
0.001700	0.799899
0.001710	0.812581
0.001720	0.825376
0.001730	0.838282
0.001740	0.851301
0.001750	0.864432
0.001760	0.877676
0.001770	0.891031
0.001780	0.904499
0.001790	0.918079
0.001800	0.931770
0.001810	0.945574
0.001820	0.959490
0.001830	0.973517
0.001840	0.987656
0.001850	1.001907
0.001860	1.016269
0.001870	1.030743
0.001880	1.045328
0.001890	1.060024
0.001900	1.074831
0.001910	1.089749
0.001920	1.104777
0.001930	1.119917
0.001940	1.135166
0.001950	1.150526
0.001960	1.165996
0.001970	1.181575
0.001980	1.197265
0.001990	1.213063
0.002000	1.228971
0.002010	1.244988
0.002020	1.261114
0.002030	1.277349
0.002040	1.293692
0.002050	1.310142
0.002060	1.326701
0.002070	1.343367
0.002080	1.360141
0.002090	1.377022
0.002100	1.394009
0.002110	1.411103
0.002120	1.428304
0.002130	1.445610
0.002140	1.463021
0.002150	1.480539
0.002160	1.498161
0.002170	1.515887
0.002180	1.533718
0.002190	1.551653
0.002200	1.569692
0.002210	1.587834
0.002220	1.606079
0.002230	1.624426
0.002240	1.642876
0.002250	1.661428
0.002260	1.680081
0.002270	1.698835
0.002280	1.717690
0.002290	1.736645
0.002300	1.755699
0.002310	1.774854
0.002320	1.794107
0.002330	1.813459
0.002340	1.832909
0.002350	1.852457
0.002360	1.872102
0.002370	1.891844
0.002380	1.911683
0.002390	1.931617
0.002400	1.951647
0.002410	1.971772
0.002420	1.991991
0.002430	2.012304
0.002440	2.032711
0.002450	2.053211
0.002460	2.073804
0.002470	2.094488
0.002480	2.115264
0.002490	2.136131
0.002500	2.157088
0.002510	2.178136
0.002520	2.199273
0.002530	2.220498
0.002540	2.241812
0.002550	2.263214
0.002560	2.284703
0.002570	2.306279
0.002580	2.327940
0.002590	2.349688
0.002600	2.371520
0.002610	2.393436
0.002620	2.415437
0.002630	2.437520
0.002640	2.459686
0.002650	2.481934
0.002660	2.504263
0.002670	2.526673
0.002680	2.549164
0.002690	2.571733
0.002700	2.594382
0.002710	2.617109
0.002720	2.639914
0.002730	2.662795
0.002740	2.685753
0.002750	2.708786
0.002760	2.731895
0.002770	2.755078
0.002780	2.778334
0.002790	2.801664
0.002800	2.825066
0.002810	2.848540
0.002820	2.872084
0.002830	2.895699
0.002840	2.919384
0.002850	2.943138
0.002860	2.966959
0.002870	2.990849
0.002880	3.014805
0.002890	3.038827
0.002900	3.062915
0.002910	3.087067
0.002920	3.111284
0.002930	3.135563
0.002940	3.159905
0.002950	3.184309
0.002960	3.208774
0.002970	3.233299
0.002980	3.257884
0.002990	3.282528
0.003000	3.307230
0.003010	3.331988
0.003020	3.356804
0.003030	3.381675
0.003040	3.406602
0.003050	3.431582
0.003060	3.456616
0.003070	3.481703
0.003080	3.506842
0.003090	3.532031
0.003100	3.557272
0.003110	3.582561
0.003120	3.607900
0.003130	3.633286
0.003140	3.658720
0.003150	3.684200
0.003160	3.709726
0.003170	3.735297
0.003180	3.760911
0.003190	3.786569
0.003200	3.812269
0.003210	3.838010
0.003220	3.863792
0.003230	3.889615
0.003240	3.915476
0.003250	3.941375
0.003260	3.967312
0.003270	3.993286
0.003280	4.019295
0.003290	4.045339
0.003300	4.071418
0.003310	4.097529
0.003320	4.123673
0.003330	4.149848
0.003340	4.176055
0.003350	4.202291
0.003360	4.228556
0.003370	4.254849
0.003380	4.281170
0.003390	4.307517
0.003400	4.333889
0.003410	4.360287
0.003420	4.386708
0.003430	4.413152
0.003440	4.439619
0.003450	4.466106
0.003460	4.492615
0.003470	4.519142
0.003480	4.545689
0.003490	4.572253
0.003500	4.598834
0.003510	4.625431
0.003520	4.652043
0.003530	4.678670
0.003540	4.705310
0.003550	4.731963
0.003560	4.758627
0.003570	4.785302
0.003580	4.811987
0.003590	4.838681
0.003600	4.865384
0.003610	4.892093
0.003620	4.918809
0.003630	4.945530
0.003640	4.972256
0.003650	4.998986
0.003660	5.025718
0.003670	5.052452
0.003680	5.079188
0.003690	5.105923
0.003700	5.132658
0.003710	5.159391
0.003720	5.186122
0.003730	5.212849
0.003740	5.239572
0.003750	5.266290
0.003760	5.293001
0.003770	5.319706
0.003780	5.346402
0.003790	5.373090
0.003800	5.399769
0.003810	5.426436
0.003820	5.453093
0.003830	5.479736
0.003840	5.506367
0.003850	5.532984
0.003860	5.559585
0.003870	5.586171
0.003880	5.612739
0.003890	5.639290
0.003900	5.665823
0.003910	5.692336
0.003920	5.718828
0.003930	5.745299
0.003940	5.771748
0.003950	5.798174
0.003960	5.824576
0.003970	5.850954
0.003980	5.877305
0.003990	5.903630
0.004000	5.929928
0.004010	5.956197
0.004020	5.982436
0.004030	6.008646
0.004040	6.034825
0.004050	6.060971
0.004060	6.087085
0.004070	6.113165
0.004080	6.139211
0.004090	6.165221
0.004100	6.191195
0.004110	6.217132
0.004120	6.243031
0.004130	6.268890
0.004140	6.294710
0.004150	6.320490
0.004160	6.346227
0.004170	6.371923
0.004180	6.397575
0.004190	6.423183
0.004200	6.448746
0.004210	6.474263
0.004220	6.499733
0.004230	6.525156
0.004240	6.550530
0.004250	6.575856
0.004260	6.601131
0.004270	6.626354
0.004280	6.651527
0.004290	6.676646
0.004300	6.701712
0.004310	6.726723
0.004320	6.751680
0.004330	6.776580
0.004340	6.801423
0.004350	6.826209
0.004360	6.850936
0.004370	6.875604
0.004380	6.900211
0.004390	6.924758
0.004400	6.949242
0.004410	6.973664
0.004420	6.998023
0.004430	7.022317
0.004440	7.046546
0.004450	7.070709
0.004460	7.094805
0.004470	7.118834
0.004480	7.142794
0.004490	7.166685
0.004500	7.190506
0.004510	7.214257
0.004520	7.237935
0.004530	7.261542
0.004540	7.285075
0.004550	7.308534
0.004560	7.331919
0.004570	7.355228
0.004580	7.378461
0.004590	7.401617
0.004600	7.424695
0.004610	7.447695
0.004620	7.470615
0.004630	7.493455
0.004640	7.516214
0.004650	7.538891
0.004660	7.561487
0.004670	7.583999
0.004680	7.606427
0.004690	7.628770
0.004700	7.651029
0.004710	7.673201
0.004720	7.695286
0.004730	7.717284
0.004740	7.739193
0.004750	7.761013
0.004760	7.782744
0.004770	7.804384
0.004780	7.825933
0.004790	7.847391
0.004800	7.868755
0.004810	7.890027
0.004820	7.911204
0.004830	7.932287
0.004840	7.953274
0.004850	7.974165
0.004860	7.994960
0.004870	8.015657
0.004880	8.036256
0.004890	8.056756
0.004900	8.077157
0.004910	8.097458
0.004920	8.117658
0.004930	8.137757
0.004940	8.157753
0.004950	8.177647
0.004960	8.197437
0.004970	8.217124
0.004980	8.236705
0.004990	8.256182
0.005000	8.275552
0.005010	8.294816
0.005020	8.313973
0.005030	8.333022
0.005040	8.351963
0.005050	8.370795
0.005060	8.389517
0.005070	8.408128
0.005080	8.426629
0.005090	8.445019
0.005100	8.463297
0.005110	8.481462
0.005120	8.499514
0.005130	8.517452
0.005140	8.535276
0.005150	8.552985
0.005160	8.570578
0.005170	8.588056
0.005180	8.605417
0.005190	8.622661
0.005200	8.639787
0.005210	8.656795
0.005220	8.673685
0.005230	8.690455
0.005240	8.707106
0.005250	8.723636
0.005260	8.740045
0.005270	8.756333
0.005280	8.772499
0.005290	8.788543
0.005300	8.804464
0.005310	8.820262
0.005320	8.835935
0.005330	8.851485
0.005340	8.866910
0.005350	8.882209
0.005360	8.897383
0.005370	8.912430
0.005380	8.927351
0.005390	8.942145
0.005400	8.956811
0.005410	8.971349
0.005420	8.985759
0.005430	9.000040
0.005440	9.014191
0.005450	9.028213
0.005460	9.042104
0.005470	9.055865
0.005480	9.069495
0.005490	9.082993
0.005500	9.096360
0.005510	9.109594
0.005520	9.122696
0.005530	9.135665
0.005540	9.148500
0.005550	9.161202
0.005560	9.173769
0.005570	9.186202
0.005580	9.198500
0.005590	9.210663
0.005600	9.222690
0.005610	9.234581
0.005620	9.246336
0.005630	9.257954
0.005640	9.269435
0.005650	9.280779
0.005660	9.291986
0.005670	9.303054
0.005680	9.313985
0.005690	9.324776
0.005700	9.335429
0.005710	9.345943
0.005720	9.356317
0.005730	9.366551
0.005740	9.376645
0.005750	9.386600
0.005760	9.396413
0.005770	9.406086
0.005780	9.415617
0.005790	9.425007
0.005800	9.434256
0.005810	9.443363
0.005820	9.452327
0.005830	9.461149
0.005840	9.469829
0.005850	9.478366
0.005860	9.486760
0.005870	9.495010
0.005880	9.503117
0.005890	9.511081
0.005900	9.518900
0.005910	9.526576
0.005920	9.534107
0.005930	9.541494
0.005940	9.548736
0.005950	9.555833
0.005960	9.562786
0.005970	9.569593
0.005980	9.576255
0.005990	9.582772
0.006000	9.589143
0.006010	9.595368
0.006020	9.601448
0.006030	9.607381
0.006040	9.613168
0.006050	9.618809
0.006060	9.624304
0.006070	9.629652
0.006080	9.634854
0.006090	9.639909
0.006100	9.644817
0.006110	9.649578
0.006120	9.654192
0.006130	9.658660
0.006140	9.662980
0.006150	9.667153
0.006160	9.671178
0.006170	9.675056
0.006180	9.678787
0.006190	9.682371
0.006200	9.685807
0.006210	9.689095
0.006220	9.692236
0.006230	9.695229
0.006240	9.698075
0.006250	9.700773
0.006260	9.703324
0.006270	9.705726
0.006280	9.707981
0.006290	9.710089
0.006300	9.712049
0.006310	9.713861
0.006320	9.715525
0.006330	9.717042
0.006340	9.718412
0.006350	9.719633
0.006360	9.720708
0.006370	9.721634
0.006380	9.722414
0.006390	9.723046
0.006400	9.723530
0.006410	9.723868
0.006420	9.724058
0.006430	9.724101
0.006440	9.723997
0.006450	9.723746
0.006460	9.723348
0.006470	9.722804
0.006480	9.722113
0.006490	9.721275
0.006500	9.720290
0.006510	9.719160
0.006520	9.717883
0.006530	9.716459
0.006540	9.714890
0.006550	9.713175
0.006560	9.711314
0.006570	9.709308
0.006580	9.707156
0.006590	9.704859
0.006600	9.702417
0.006610	9.699829
0.006620	9.697097
0.006630	9.694220
0.006640	9.691199
0.006650	9.688033
0.006660	9.684723
0.006670	9.681269
0.006680	9.677672
0.006690	9.673931
0.006700	9.670046
0.006710	9.666019
0.006720	9.661848
0.006730	9.657535
0.006740	9.653079
0.006750	9.648481
0.006760	9.643741
0.006770	9.638859
0.006780	9.633835
0.006790	9.628670
0.006800	9.623364
0.006810	9.617917
0.006820	9.612330
0.006830	9.606602
0.006840	9.600735
0.006850	9.594727
0.006860	9.588580
0.006870	9.582293
0.006880	9.575868
0.006890	9.569304
0.006900	9.562602
0.006910	9.555761
0.006920	9.548783
0.006930	9.541668
0.006940	9.534415
0.006950	9.527025
0.006960	9.519499
0.006970	9.511836
0.006980	9.504038
0.006990	9.496104
0.007000	9.488035
0.007010	9.479831
0.007020	9.471492
0.007030	9.463020
0.007040	9.454413
0.007050	9.445673
0.007060	9.436800
0.007070	9.427794
0.007080	9.418655
0.007090	9.409385
0.007100	9.399983
0.007110	9.390449
0.007120	9.380785
0.007130	9.370990
0.007140	9.361065
0.007150	9.351011
0.007160	9.340827
0.007170	9.330514
0.007180	9.320072
0.007190	9.309503
0.007200	9.298805
0.007210	9.287981
0.007220	9.277029
0.007230	9.265951
0.007240	9.254748
0.007250	9.243418
0.007260	9.231963
0.007270	9.220384
0.007280	9.208680
0.007290	9.196853
0.007300	9.184902
0.007310	9.172829
0.007320	9.160632
0.007330	9.148314
0.007340	9.135874
0.007350	9.123314
0.007360	9.110632
0.007370	9.097831
0.007380	9.084910
0.007390	9.071869
0.007400	9.058710
0.007410	9.045433
0.007420	9.032038
0.007430	9.018526
0.007440	9.004897
0.007450	8.991152
0.007460	8.977291
0.007470	8.963315
0.007480	8.949224
0.007490	8.935019
0.007500	8.920700
0.007510	8.906269
0.007520	8.891724
0.007530	8.877068
0.007540	8.862300
0.007550	8.847420
0.007560	8.832431
0.007570	8.817331
0.007580	8.802122
0.007590	8.786804
0.007600	8.771377
0.007610	8.755843
0.007620	8.740201
0.007630	8.724453
0.007640	8.708599
0.007650	8.692639
0.007660	8.676573
0.007670	8.660404
0.007680	8.644130
0.007690	8.627754
0.007700	8.611274
0.007710	8.594692
0.007720	8.578009
0.007730	8.561224
0.007740	8.544339
0.007750	8.527354
0.007760	8.510270
0.007770	8.493087
0.007780	8.475806
0.007790	8.458428
0.007800	8.440952
0.007810	8.423381
0.007820	8.405713
0.007830	8.387951
0.007840	8.370093
0.007850	8.352142
0.007860	8.334098
0.007870	8.315961
0.007880	8.297731
0.007890	8.279411
0.007900	8.260999
0.007910	8.242497
0.007920	8.223906
0.007930	8.205225
0.007940	8.186456
0.007950	8.167600
0.007960	8.148656
0.007970	8.129626
0.007980	8.110509
0.007990	8.091308
0.008000	8.072022
0.008010	8.052652
0.008020	8.033199
0.008030	8.013663
0.008040	7.994045
0.008050	7.974345
0.008060	7.954565
0.008070	7.934705
0.008080	7.914765
0.008090	7.894746
0.008100	7.874650
0.008110	7.854475
0.008120	7.834224
0.008130	7.813897
0.008140	7.793494
0.008150	7.773016
0.008160	7.752464
0.008170	7.731838
0.008180	7.711140
0.008190	7.690369
0.008200	7.669527
0.008210	7.648613
0.008220	7.627630
0.008230	7.606576
0.008240	7.585454
0.008250	7.564264
0.008260	7.543006
0.008270	7.521681
0.008280	7.500290
0.008290	7.478833
0.008300	7.457312
0.008310	7.435726
0.008320	7.414077
0.008330	7.392365
0.008340	7.370590
0.008350	7.348754
0.008360	7.326858
0.008370	7.304901
0.008380	7.282884
0.008390	7.260809
0.008400	7.238676
0.008410	7.216485
0.008420	7.194238
0.008430	7.171934
0.008440	7.149575
0.008450	7.127161
0.008460	7.104694
0.008470	7.082173
0.008480	7.059599
0.008490	7.036974
0.008500	7.014297
0.008510	6.991569
0.008520	6.968792
0.008530	6.945965
0.008540	6.923090
0.008550	6.900167
0.008560	6.877197
0.008570	6.854181
0.008580	6.831118
0.008590	6.808011
0.008600	6.784859
0.008610	6.761664
0.008620	6.738425
0.008630	6.715144
0.008640	6.691822
0.008650	6.668458
0.008660	6.645055
0.008670	6.621611
0.008680	6.598129
0.008690	6.574609
0.008700	6.551051
0.008710	6.527456
0.008720	6.503825
0.008730	6.480159
0.008740	6.456458
0.008750	6.432723
0.008760	6.408954
0.008770	6.385153
0.008780	6.361319
0.008790	6.337455
0.008800	6.313559
0.008810	6.289634
0.008820	6.265680
0.008830	6.241696
0.008840	6.217685
0.008850	6.193647
0.008860	6.169582
0.008870	6.145491
0.008880	6.121375
0.008890	6.097235
0.008900	6.073070
0.008910	6.048883
0.008920	6.024673
0.008930	6.000441
0.008940	5.976188
0.008950	5.951915
0.008960	5.927622
0.008970	5.903309
0.008980	5.878979
0.008990	5.854630
0.009000	5.830265
0.009010	5.805883
0.009020	5.781485
0.009030	5.757072
0.009040	5.732645
0.009050	5.708204
0.009060	5.683750
0.009070	5.659283
0.009080	5.634805
0.009090	5.610316
0.009100	5.585816
0.009110	5.561306
0.009120	5.536787
0.009130	5.512260
0.009140	5.487725
0.009150	5.463183
0.009160	5.438634
0.009170	5.414080
0.009180	5.389520
0.009190	5.364955
0.009200	5.340387
0.009210	5.315816
0.009220	5.291242
0.009230	5.266665
0.009240	5.242088
0.009250	5.217510
0.009260	5.192932
0.009270	5.168354
0.009280	5.143777
0.009290	5.119203
0.009300	5.094631
0.009310	5.070062
0.009320	5.045496
0.009330	5.020936
0.009340	4.996380
0.009350	4.971829
0.009360	4.947285
0.009370	4.922748
0.009380	4.898218
0.009390	4.873697
0.009400	4.849184
0.009410	4.824680
0.009420	4.800186
0.009430	4.775703
0.009440	4.751231
0.009450	4.726771
0.009460	4.702323
0.009470	4.677888
0.009480	4.653466
0.009490	4.629059
0.009500	4.604667
0.009510	4.580289
0.009520	4.555928
0.009530	4.531583
0.009540	4.507256
0.009550	4.482946
0.009560	4.458654
0.009570	4.434382
0.009580	4.410128
0.009590	4.385895
0.009600	4.361682
0.009610	4.337491
0.009620	4.313321
0.009630	4.289173
0.009640	4.265049
0.009650	4.240947
0.009660	4.216870
0.009670	4.192817
0.009680	4.168790
0.009690	4.144788
0.009700	4.120812
0.009710	4.096863
0.009720	4.072942
0.009730	4.049048
0.009740	4.025182
0.009750	4.001346
0.009760	3.977539
0.009770	3.953762
0.009780	3.930015
0.009790	3.906300
0.009800	3.882616
0.009810	3.858965
0.009820	3.835346
0.009830	3.811760
0.009840	3.788208
0.009850	3.764690
0.009860	3.741206
0.009870	3.717758
0.009880	3.694346
0.009890	3.670970
0.009900	3.647631
0.009910	3.624328
0.009920	3.601064
0.009930	3.577838
0.009940	3.554650
0.009950	3.531502
0.009960	3.508394
0.009970	3.485325
0.009980	3.462297
0.009990	3.439311
0.010000	3.416366
0.010010	3.393463
0.010020	3.370602
0.010030	3.347785
0.010040	3.325011
0.010050	3.302281
0.010060	3.279595
0.010070	3.256954
0.010080	3.234358
0.010090	3.211809
0.010100	3.189305
0.010110	3.166848
0.010120	3.144438
0.010130	3.122076
0.010140	3.099761
0.010150	3.077495
0.010160	3.055277
0.010170	3.033109
0.010180	3.010991
0.010190	2.988922
0.010200	2.966904
0.010210	2.944937
0.010220	2.923022
0.010230	2.901158
0.010240	2.879346
0.010250	2.857586
0.010260	2.835880
0.010270	2.814227
0.010280	2.792627
0.010290	2.771082
0.010300	2.749591
0.010310	2.728155
0.010320	2.706774
0.010330	2.685449
0.010340	2.664179
0.010350	2.642966
0.010360	2.621810
0.010370	2.600711
0.010380	2.579670
0.010390	2.558686
0.010400	2.537760
0.010410	2.516893
0.010420	2.496085
0.010430	2.475336
0.010440	2.454646
0.010450	2.434016
0.010460	2.413447
0.010470	2.392938
0.010480	2.372490
0.010490	2.352103
0.010500	2.331778
0.010510	2.311515
0.010520	2.291313
0.010530	2.271175
0.010540	2.251099
0.010550	2.231086
0.010560	2.211137
0.010570	2.191251
0.010580	2.171429
0.010590	2.151672
0.010600	2.131979
0.010610	2.112351
0.010620	2.092788
0.010630	2.073290
0.010640	2.053859
0.010650	2.034493
0.010660	2.015194
0.010670	1.995961
0.010680	1.976794
0.010690	1.957695
0.010700	1.938664
0.010710	1.919699
0.010720	1.900803
0.010730	1.881975
0.010740	1.863214
0.010750	1.844523
0.010760	1.825900
0.010770	1.807347
0.010780	1.788862
0.010790	1.770447
0.010800	1.752102
0.010810	1.733826
0.010820	1.715621
0.010830	1.697486
0.010840	1.679422
0.010850	1.661429
0.010860	1.643506
0.010870	1.625655
0.010880	1.607875
0.010890	1.590166
0.010900	1.572530
0.010910	1.554965
0.010920	1.537473
0.010930	1.520052
0.010940	1.502705
0.010950	1.485430
0.010960	1.468228
0.010970	1.451098
0.010980	1.434043
0.010990	1.417060
0.011000	1.400151
0.011010	1.383315
0.011020	1.366554
0.011030	1.349866
0.011040	1.333253
0.011050	1.316713
0.011060	1.300249
0.011070	1.283858
0.011080	1.267542
0.011090	1.251302
0.011100	1.235136
0.011110	1.219045
0.011120	1.203029
0.011130	1.187088
0.011140	1.171223
0.011150	1.155434
0.011160	1.139720
0.011170	1.124081
0.011180	1.108519
0.011190	1.093032
0.011200	1.077622
0.011210	1.062287
0.011220	1.047029
0.011230	1.031847
0.011240	1.016741
0.011250	1.001712
0.011260	0.986759
0.011270	0.971883
0.011280	0.957083
0.011290	0.942361
0.011300	0.927714
0.011310	0.913145
0.011320	0.898653
0.011330	0.884237
0.011340	0.869899
0.011350	0.855637
0.011360	0.841453
0.011370	0.827346
0.011380	0.813316
0.011390	0.799363
0.011400	0.785487
0.011410	0.771689
0.011420	0.757968
0.011430	0.744324
0.011440	0.730757
0.011450	0.717268
0.011460	0.703856
0.011470	0.690521
0.011480	0.677264
0.011490	0.664084
0.011500	0.650982
0.011510	0.637956
0.011520	0.625009
0.011530	0.612138
0.011540	0.599345
0.011550	0.586629
0.011560	0.573991
0.011570	0.561429
0.011580	0.548945
0.011590	0.536538
0.011600	0.524209
0.011610	0.511956
0.011620	0.499781
0.011630	0.487683
0.011640	0.475662
0.011650	0.463717
0.011660	0.451850
0.011670	0.440060
0.011680	0.428346
0.011690	0.416710
0.011700	0.405150
0.011710	0.393666
0.011720	0.382260
0.011730	0.370930
0.011740	0.359676
0.011750	0.348499
0.011760	0.337398
0.011770	0.326373
0.011780	0.315425
0.011790	0.304553
0.011800	0.293756
0.011810	0.283036
0.011820	0.272391
0.011830	0.261822
0.011840	0.251329
0.011850	0.240911
0.011860	0.230569
0.011870	0.220302
0.011880	0.210110
0.011890	0.199993
0.011900	0.189952
0.011910	0.179985
0.011920	0.170093
0.011930	0.160275
0.011940	0.150533
0.011950	0.140864
0.011960	0.131270
0.011970	0.121750
0.011980	0.112304
0.011990	0.102931
0.012000	0.093633
0.012010	0.084408
0.012020	0.075256
0.012030	0.066178
0.012040	0.057173
0.012050	0.048241
0.012060	0.039382
0.012070	0.030595
0.012080	0.021881
0.012090	0.013240
0.012100	0.004670
0.012110	-0.003827
0.012120	-0.012253
0.012130	-0.020607
0.012140	-0.028889
0.012150	-0.037100
0.012160	-0.045239
0.012170	-0.053308
0.012180	-0.061306
0.012190	-0.069233
0.012200	-0.077090
0.012210	-0.084877
0.012220	-0.092593
0.012230	-0.100240
0.012240	-0.107817
0.012250	-0.115324
0.012260	-0.122762
0.012270	-0.130131
0.012280	-0.137431
0.012290	-0.144663
0.012300	-0.151826
0.012310	-0.158920
0.012320	-0.165947
0.012330	-0.172906
0.012340	-0.179797
0.012350	-0.186621
0.012360	-0.193377
0.012370	-0.200067
0.012380	-0.206690
0.012390	-0.213246
0.012400	-0.219736
0.012410	-0.226160
0.012420	-0.232518
0.012430	-0.238810
0.012440	-0.245037
0.012450	-0.251199
0.012460	-0.257296
0.012470	-0.263329
0.012480	-0.269297
0.012490	-0.275200
0.012500	-0.281040
0.012510	-0.286816
0.012520	-0.292529
0.012530	-0.298179
0.012540	-0.303765
0.012550	-0.309289
0.012560	-0.314751
0.012570	-0.320150
0.012580	-0.325488
0.012590	-0.330763
0.012600	-0.335978
0.012610	-0.341131
0.012620	-0.346224
0.012630	-0.351255
0.012640	-0.356227
0.012650	-0.361138
0.012660	-0.365990
0.012670	-0.370782
0.012680	-0.375515
0.012690	-0.380189
0.012700	-0.384805
0.012710	-0.389362
0.012720	-0.393861
0.012730	-0.398302
0.012740	-0.402685
0.012750	-0.407011
0.012760	-0.411280
0.012770	-0.415493
0.012780	-0.419649
0.012790	-0.423749
0.012800	-0.427793
0.012810	-0.431782
0.012820	-0.435715
0.012830	-0.439594
0.012840	-0.443418
0.012850	-0.447187
0.012860	-0.450903
0.012870	-0.454564
0.012880	-0.458172
0.012890	-0.461728
0.012900	-0.465230
0.012910	-0.468679
0.012920	-0.472077
0.012930	-0.475422
0.012940	-0.478716
0.012950	-0.481959
0.012960	-0.485150
0.012970	-0.488291
0.012980	-0.491382
0.012990	-0.494422
0.013000	-0.497413
0.013010	-0.500354
0.013020	-0.503246
0.013030	-0.506090
0.013040	-0.508884
0.013050	-0.511631
0.013060	-0.514330
0.013070	-0.516981
0.013080	-0.519585
0.013090	-0.522142
0.013100	-0.524653
0.013110	-0.527117
0.013120	-0.529536
0.013130	-0.531908
0.013140	-0.534236
0.013150	-0.536519
0.013160	-0.538756
0.013170	-0.540950
0.013180	-0.543100
0.013190	-0.545206
0.013200	-0.547269
0.013210	-0.549288
0.013220	-0.551266
0.013230	-0.553200
0.013240	-0.555093
0.013250	-0.556944
0.013260	-0.558754
0.013270	-0.560523
0.013280	-0.562251
0.013290	-0.563939
0.013300	-0.565587
0.013310	-0.567195
0.013320	-0.568764
0.013330	-0.570294
0.013340	-0.571785
0.013350	-0.573238
0.013360	-0.574653
0.013370	-0.576031
0.013380	-0.577371
0.013390	-0.578674
0.013400	-0.579941
0.013410	-0.581171
0.013420	-0.582365
0.013430	-0.583524
0.013440	-0.584647
0.013450	-0.585736
0.013460	-0.586790
0.013470	-0.587809
0.013480	-0.588795
0.013490	-0.589747
0.013500	-0.590666
0.013510	-0.591553
0.013520	-0.592406
0.013530	-0.593228
0.013540	-0.594017
0.013550	-0.594775
0.013560	-0.595502
0.013570	-0.596198
0.013580	-0.596864
0.013590	-0.597499
0.013600	-0.598104
0.013610	-0.598680
0.013620	-0.599227
0.013630	-0.599746
0.013640	-0.600235
0.013650	-0.600697
0.013660	-0.601131
0.013670	-0.601537
0.013680	-0.601916
0.013690	-0.602269
0.013700	-0.602595
0.013710	-0.602895
0.013720	-0.603170
0.013730	-0.603419
0.013740	-0.603643
0.013750	-0.603842
0.013760	-0.604017
0.013770	-0.604167
0.013780	-0.604295
0.013790	-0.604398
0.013800	-0.604479
0.013810	-0.604537
0.013820	-0.604573
0.013830	-0.604587
0.013840	-0.604579
0.013850	-0.604549
0.013860	-0.604499
0.013870	-0.604428
0.013880	-0.604337
0.013890	-0.604226
0.013900	-0.604095
0.013910	-0.603944
0.013920	-0.603775
0.013930	-0.603587
0.013940	-0.603381
0.013950	-0.603156
0.013960	-0.602915
0.013970	-0.602655
0.013980	-0.602379
0.013990	-0.602086
0.014000	-0.601776
0.014010	-0.601451
0.014020	-0.601110
0.014030	-0.600754
0.014040	-0.600382
0.014050	-0.599996
0.014060	-0.599595
0.014070	-0.599180
0.014080	-0.598752
0.014090	-0.598310
0.014100	-0.597855
0.014110	-0.597387
0.014120	-0.596907
0.014130	-0.596414
0.014140	-0.595910
0.014150	-0.595394
0.014160	-0.594867
0.014170	-0.594329
0.014180	-0.593781
0.014190	-0.593222
0.014200	-0.592654
0.014210	-0.592075
0.014220	-0.591488
0.014230	-0.590891
0.014240	-0.590286
0.014250	-0.589672
0.014260	-0.589050
0.014270	-0.588421
0.014280	-0.587784
0.014290	-0.587140
0.014300	-0.586489
0.014310	-0.585831
0.014320	-0.585167
0.014330	-0.584497
0.014340	-0.583822
0.014350	-0.583141
0.014360	-0.582455
0.014370	-0.581765
0.014380	-0.581070
0.014390	-0.580371
0.014400	-0.579667
0.014410	-0.578961
0.014420	-0.578251
0.014430	-0.577538
0.014440	-0.576822
0.014450	-0.576104
0.014460	-0.575384
0.014470	-0.574662
0.014480	-0.573938
0.014490	-0.573213
0.014500	-0.572488
0.014510	-0.571761
0.014520	-0.571034
0.014530	-0.570307
0.014540	-0.569580
0.014550	-0.568853
0.014560	-0.568127
0.014570	-0.567402
0.014580	-0.566678
0.014590	-0.565956
0.014600	-0.565235
0.014610	-0.564517
0.014620	-0.563800
0.014630	-0.563087
0.014640	-0.562376
0.014650	-0.561668
0.014660	-0.560964
0.014670	-0.560263
0.014680	-0.559566
0.014690	-0.558873
0.014700	-0.558185
0.014710	-0.557501
0.014720	-0.556822
0.014730	-0.556148
0.014740	-0.555480
0.014750	-0.554817
0.014760	-0.554160
0.014770	-0.553510
0.014780	-0.552865
0.014790	-0.552228
0.014800	-0.551597
0.014810	-0.550973
0.014820	-0.550357
0.014830	-0.549748
0.014840	-0.549147
0.014850	-0.548555
0.014860	-0.547970
0.014870	-0.547394
0.014880	-0.546827
0.014890	-0.546268
0.014900	-0.545719
0.014910	-0.545180
0.014920	-0.544650
0.014930	-0.544130
0.014940	-0.543620
0.014950	-0.543120
0.014960	-0.542631
0.014970	-0.542153
0.014980	-0.541685
0.014990	-0.541229
0.015000	-0.540784
0.015010	-0.540351
0.015020	-0.539930
0.015030	-0.539520
0.015040	-0.539123
0.015050	-0.538739
0.015060	-0.538367
0.015070	-0.538007
0.015080	-0.537661
0.015090	-0.537328
0.015100	-0.537009
0.015110	-0.536703
0.015120	-0.536411
0.015130	-0.536133
0.015140	-0.535869
0.015150	-0.535619
0.015160	-0.535384
0.015170	-0.535164
0.015180	-0.534959
0.015190	-0.534768
0.015200	-0.534594
0.015210	-0.534434
0.015220	-0.534290
0.015230	-0.534162
0.015240	-0.534050
0.015250	-0.533955
0.015260	-0.533875
0.015270	-0.533812
0.015280	-0.533766
0.015290	-0.533736
0.015300	-0.533723
0.015310	-0.533728
0.015320	-0.533750
0.015330	-0.533789
0.015340	-0.533846
0.015350	-0.533921
0.015360	-0.534013
0.015370	-0.534124
0.015380	-0.534253
0.015390	-0.534400
0.015400	-0.534565
0.015410	-0.534750
0.015420	-0.534953
0.015430	-0.535175
0.015440	-0.535416
0.015450	-0.535676
0.015460	-0.535956
0.015470	-0.536255
0.015480	-0.536573
0.015490	-0.536911
0.015500	-0.537270
0.015510	-0.537648
0.015520	-0.538046
0.015530	-0.538464
0.015540	-0.538903
0.015550	-0.539362
0.015560	-0.539842
0.015570	-0.540342
0.015580	-0.540863
0.015590	-0.541405
0.015600	-0.541968
0.015610	-0.542552
0.015620	-0.543158
0.015630	-0.543784
0.015640	-0.544432
0.015650	-0.545102
0.015660	-0.545793
0.015670	-0.546506
0.015680	-0.547241
0.015690	-0.547997
0.015700	-0.548776
0.015710	-0.549576
0.015720	-0.550399
0.015730	-0.551244
0.015740	-0.552111
0.015750	-0.553001
0.015760	-0.553913
0.015770	-0.554848
0.015780	-0.555806
0.015790	-0.556786
0.015800	-0.557789
0.015810	-0.558815
0.015820	-0.559863
0.015830	-0.560935
0.015840	-0.562030
0.015850	-0.563148
0.015860	-0.564289
0.015870	-0.565453
0.015880	-0.566640
0.015890	-0.567851
0.015900	-0.569086
0.015910	-0.570343
0.015920	-0.571625
0.015930	-0.572930
0.015940	-0.574258
0.015950	-0.575610
0.015960	-0.576986
0.015970	-0.578386
0.015980	-0.579809
0.015990	-0.581256
0.016000	-0.582727
0.016010	-0.584222
0.016020	-0.585741
0.016030	-0.587284
0.016040	-0.588850
0.016050	-0.590441
0.016060	-0.592056
0.016070	-0.593695
0.016080	-0.595358
0.016090	-0.597045
0.016100	-0.598756
0.016110	-0.600491
0.016120	-0.602251
0.016130	-0.604035
0.016140	-0.605842
0.016150	-0.607674
0.016160	-0.609531
0.016170	-0.611411
0.016180	-0.613316
0.016190	-0.615245
0.016200	-0.617198
0.016210	-0.619175
0.016220	-0.621177
0.016230	-0.623202
0.016240	-0.625252
0.016250	-0.627326
0.016260	-0.629425
0.016270	-0.631547
0.016280	-0.633694
0.016290	-0.635865
0.016300	-0.638060
0.016310	-0.640279
0.016320	-0.642522
0.016330	-0.644790
0.016340	-0.647081
0.016350	-0.649397
0.016360	-0.651736
0.016370	-0.654100
0.016380	-0.656487
0.016390	-0.658899
0.016400	-0.661334
0.016410	-0.663793
0.016420	-0.666277
0.016430	-0.668783
0.016440	-0.671314
0.016450	-0.673869
0.016460	-0.676447
0.016470	-0.679048
0.016480	-0.681674
0.016490	-0.684323
0.016500	-0.686995
0.016510	-0.689691
0.016520	-0.692410
0.016530	-0.695153
0.016540	-0.697919
0.016550	-0.700708
0.016560	-0.703521
0.016570	-0.706356
0.016580	-0.709215
0.016590	-0.712096
0.016600	-0.715001
0.016610	-0.717929
0.016620	-0.720879
0.016630	-0.723852
0.016640	-0.726848
0.016650	-0.729867
0.016660	-0.732908
0.016670	-0.735971
0.016680	-0.739057
0.016690	-0.742165
0.016700	-0.745296
0.016710	-0.748449
0.016720	-0.751623
0.016730	-0.754820
0.016740	-0.758039
0.016750	-0.761280
0.016760	-0.764542
0.016770	-0.767826
0.016780	-0.771132
0.016790	-0.774459
0.016800	-0.777808
0.016810	-0.781178
0.016820	-0.784569
0.016830	-0.787981
0.016840	-0.791415
0.016850	-0.794869
0.016860	-0.798344
0.016870	-0.801840
0.016880	-0.805357
0.016890	-0.808894
0.016900	-0.812451
0.016910	-0.816029
0.016920	-0.819627
0.016930	-0.823246
0.016940	-0.826884
0.016950	-0.830542
0.016960	-0.834220
0.016970	-0.837918
0.016980	-0.841635
0.016990	-0.845372
0.017000	-0.849128
0.017010	-0.852903
0.017020	-0.856697
0.017030	-0.860511
0.017040	-0.864343
0.017050	-0.868194
0.017060	-0.872063
0.017070	-0.875951
0.017080	-0.879858
0.017090	-0.883782
0.017100	-0.887725
0.017110	-0.891686
0.017120	-0.895664
0.017130	-0.899661
0.017140	-0.903675
0.017150	-0.907706
0.017160	-0.911755
0.017170	-0.915821
0.017180	-0.919904
0.017190	-0.924004
0.017200	-0.928120
0.017210	-0.932253
0.017220	-0.936403
0.017230	-0.940569
0.017240	-0.944752
0.017250	-0.948950
0.017260	-0.953165
0.017270	-0.957395
0.017280	-0.961641
0.017290	-0.965902
0.017300	-0.970179
0.017310	-0.974470
0.017320	-0.978777
0.017330	-0.983099
0.017340	-0.987436
0.017350	-0.991787
0.017360	-0.996152
0.017370	-1.000532
0.017380	-1.004926
0.017390	-1.009334
0.017400	-1.013756
0.017410	-1.018191
0.017420	-1.022640
0.017430	-1.027103
0.017440	-1.031578
0.017450	-1.036067
0.017460	-1.040568
0.017470	-1.045082
0.017480	-1.049609
0.017490	-1.054147
0.017500	-1.058699
0.017510	-1.063262
0.017520	-1.067837
0.017530	-1.072424
0.017540	-1.077022
0.017550	-1.081632
0.017560	-1.086252
0.017570	-1.090884
0.017580	-1.095527
0.017590	-1.100181
0.017600	-1.104845
0.017610	-1.109519
0.017620	-1.114203
0.017630	-1.118898
0.017640	-1.123602
0.017650	-1.128316
0.017660	-1.133040
0.017670	-1.137772
0.017680	-1.142514
0.017690	-1.147265
0.017700	-1.152025
0.017710	-1.156793
0.017720	-1.161569
0.017730	-1.166354
0.017740	-1.171147
0.017750	-1.175948
0.017760	-1.180756
0.017770	-1.185572
0.017780	-1.190395
0.017790	-1.195226
0.017800	-1.200063
0.017810	-1.204907
0.017820	-1.209758
0.017830	-1.214615
0.017840	-1.219479
0.017850	-1.224348
0.017860	-1.229223
0.017870	-1.234104
0.017880	-1.238991
0.017890	-1.243882
0.017900	-1.248779
0.017910	-1.253681
0.017920	-1.258587
0.017930	-1.263499
0.017940	-1.268414
0.017950	-1.273334
0.017960	-1.278257
0.017970	-1.283184
0.017980	-1.288115
0.017990	-1.293050
0.018000	-1.297987
0.018010	-1.302928
0.018020	-1.307872
0.018030	-1.312818
0.018040	-1.317766
0.018050	-1.322717
0.018060	-1.327670
0.018070	-1.332625
0.018080	-1.337581
0.018090	-1.342540
0.018100	-1.347499
0.018110	-1.352459
0.018120	-1.357421
0.018130	-1.362383
0.018140	-1.367346
0.018150	-1.372309
0.018160	-1.377272
0.018170	-1.382235
0.018180	-1.387198
0.018190	-1.392160
0.018200	-1.397122
0.018210	-1.402083
0.018220	-1.407044
0.018230	-1.412002
0.018240	-1.416960
0.018250	-1.421916
0.018260	-1.426870
0.018270	-1.431822
0.018280	-1.436772
0.018290	-1.441720
0.018300	-1.446665
0.018310	-1.451607
0.018320	-1.456547
0.018330	-1.461483
0.018340	-1.466416
0.018350	-1.471346
0.018360	-1.476271
0.018370	-1.481193
0.018380	-1.486111
0.018390	-1.491024
0.018400	-1.495933
0.018410	-1.500838
0.018420	-1.505737
0.018430	-1.510632
0.018440	-1.515521
0.018450	-1.520404
0.018460	-1.525282
0.018470	-1.530155
0.018480	-1.535021
0.018490	-1.539881
0.018500	-1.544735
0.018510	-1.549582
0.018520	-1.554422
0.018530	-1.559255
0.018540	-1.564081
0.018550	-1.568900
0.018560	-1.573711
0.018570	-1.578515
0.018580	-1.583310
0.018590	-1.588098
0.018600	-1.592877
0.018610	-1.597647
0.018620	-1.602409
0.018630	-1.607163
0.018640	-1.611907
0.018650	-1.616641
0.018660	-1.621367
0.018670	-1.626083
0.018680	-1.630789
0.018690	-1.635485
0.018700	-1.640171
0.018710	-1.644846
0.018720	-1.649511
0.018730	-1.654165
0.018740	-1.658809
0.018750	-1.663441
0.018760	-1.668062
0.018770	-1.672671
0.018780	-1.677269
0.018790	-1.681855
0.018800	-1.686429
0.018810	-1.690991
0.018820	-1.695541
0.018830	-1.700078
0.018840	-1.704602
0.018850	-1.709113
0.018860	-1.713612
0.018870	-1.718097
0.018880	-1.722568
0.018890	-1.727026
0.018900	-1.731471
0.018910	-1.735901
0.018920	-1.740317
0.018930	-1.744719
0.018940	-1.749106
0.018950	-1.753479
0.018960	-1.757837
0.018970	-1.762180
0.018980	-1.766507
0.018990	-1.770820
0.019000	-1.775117
0.019010	-1.779398
0.019020	-1.783663
0.019030	-1.787912
0.019040	-1.792145
0.019050	-1.796362
0.019060	-1.800562
0.019070	-1.804746
0.019080	-1.808913
0.019090	-1.813062
0.019100	-1.817195
0.019110	-1.821310
0.019120	-1.825407
0.019130	-1.829487
0.019140	-1.833549
0.019150	-1.837594
0.019160	-1.841620
0.019170	-1.845627
0.019180	-1.849616
0.019190	-1.853587
0.019200	-1.857539
0.019210	-1.861471
0.019220	-1.865385
0.019230	-1.869280
0.019240	-1.873155
0.019250	-1.877010
0.019260	-1.880846
0.019270	-1.884662
0.019280	-1.888458
0.019290	-1.892234
0.019300	-1.895989
0.019310	-1.899724
0.019320	-1.903438
0.019330	-1.907132
0.019340	-1.910805
0.019350	-1.914456
0.019360	-1.918087
0.019370	-1.921696
0.019380	-1.925284
0.019390	-1.928850
0.019400	-1.932394
0.019410	-1.935917
0.019420	-1.939417
0.019430	-1.942895
0.019440	-1.946351
0.019450	-1.949784
0.019460	-1.953195
0.019470	-1.956583
0.019480	-1.959949
0.019490	-1.963291
0.019500	-1.966610
0.019510	-1.969906
0.019520	-1.973178
0.019530	-1.976427
0.019540	-1.979653
0.019550	-1.982854
0.019560	-1.986032
0.019570	-1.989186
0.019580	-1.992315
0.019590	-1.995421
0.019600	-1.998502
0.019610	-2.001558
0.019620	-2.004590
0.019630	-2.007597
0.019640	-2.010579
0.019650	-2.013536
0.019660	-2.016468
0.019670	-2.019375
0.019680	-2.022256
0.019690	-2.025112
0.019700	-2.027943
0.019710	-2.030748
0.019720	-2.033527
0.019730	-2.036280
0.019740	-2.039007
0.019750	-2.041708
0.019760	-2.044383
0.019770	-2.047031
0.019780	-2.049653
0.019790	-2.052249
0.019800	-2.054818
0.019810	-2.057360
0.019820	-2.059875
0.019830	-2.062363
0.019840	-2.064825
0.019850	-2.067259
0.019860	-2.069666
0.019870	-2.072046
0.019880	-2.074398
0.019890	-2.076722
0.019900	-2.079019
0.019910	-2.081289
0.019920	-2.083530
0.019930	-2.085744
0.019940	-2.087930
0.019950	-2.090088
0.019960	-2.092217
0.019970	-2.094319
0.019980	-2.096392
0.019990	-2.098436
0.020000	-2.100452
0.020010	-2.102440
0.020020	-2.104399
0.020030	-2.106329
0.020040	-2.108231
0.020050	-2.110104
0.020060	-2.111947
0.020070	-2.113762
0.020080	-2.115548
0.020090	-2.117304
0.020100	-2.119031
0.020110	-2.120729
0.020120	-2.122398
0.020130	-2.124037
0.020140	-2.125647
0.020150	-2.127227
0.020160	-2.128777
0.020170	-2.130298
0.020180	-2.131789
0.020190	-2.133250
0.020200	-2.134681
0.020210	-2.136083
0.020220	-2.137454
0.020230	-2.138796
0.020240	-2.140107
0.020250	-2.141388
0.020260	-2.142639
0.020270	-2.143860
0.020280	-2.145050
0.020290	-2.146210
0.020300	-2.147340
0.020310	-2.148439
0.020320	-2.149508
0.020330	-2.150546
0.020340	-2.151554
0.020350	-2.152531
0.020360	-2.153477
0.020370	-2.154392
0.020380	-2.155277
0.020390	-2.156131
0.020400	-2.156955
0.020410	-2.157747
0.020420	-2.158508
0.020430	-2.159239
0.020440	-2.159939
0.020450	-2.160607
0.020460	-2.161245
0.020470	-2.161852
0.020480	-2.162427
0.020490	-2.162971
0.020500	-2.163485
0.020510	-2.163967
0.020520	-2.164418
0.020530	-2.164838
0.020540	-2.165226
0.020550	-2.165584
0.020560	-2.165910
0.020570	-2.166204
0.020580	-2.166468
0.020590	-2.166700
0.020600	-2.166901
0.020610	-2.167071
0.020620	-2.167209
0.020630	-2.167316
0.020640	-2.167392
0.020650	-2.167436
0.020660	-2.167448
0.020670	-2.167430
0.020680	-2.167380
0.020690	-2.167299
0.020700	-2.167186
0.020710	-2.167042
0.020720	-2.166866
0.020730	-2.166659
0.020740	-2.166421
0.020750	-2.166151
0.020760	-2.165850
0.020770	-2.165518
0.020780	-2.165154
0.020790	-2.164759
0.020800	-2.164332
0.020810	-2.163874
0.020820	-2.163385
0.020830	-2.162865
0.020840	-2.162313
0.020850	-2.161730
0.020860	-2.161115
0.020870	-2.160470
0.020880	-2.159793
0.020890	-2.159085
0.020900	-2.158345
0.020910	-2.157575
0.020920	-2.156773
0.020930	-2.155940
0.020940	-2.155076
0.020950	-2.154181
0.020960	-2.153255
0.020970	-2.152297
0.020980	-2.151309
0.020990	-2.150290
0.021000	-2.149240
0.021010	-2.148159
0.021020	-2.147047
0.021030	-2.145904
0.021040	-2.144730
0.021050	-2.143526
0.021060	-2.142291
0.021070	-2.141025
0.021080	-2.139728
0.021090	-2.138401
0.021100	-2.137043
0.021110	-2.135655
0.021120	-2.134236
0.021130	-2.132786
0.021140	-2.131307
0.021150	-2.129797
0.021160	-2.128256
0.021170	-2.126685
0.021180	-2.125084
0.021190	-2.123453
0.021200	-2.121792
0.021210	-2.120100
0.021220	-2.118379
0.021230	-2.116628
0.021240	-2.114846
0.021250	-2.113035
0.021260	-2.111194
0.021270	-2.109324
0.021280	-2.107423
0.021290	-2.105493
0.021300	-2.103534
0.021310	-2.101545
0.021320	-2.099526
0.021330	-2.097478
0.021340	-2.095401
0.021350	-2.093295
0.021360	-2.091159
0.021370	-2.088994
0.021380	-2.086800
0.021390	-2.084578
0.021400	-2.082326
0.021410	-2.080045
0.021420	-2.077736
0.021430	-2.075398
0.021440	-2.073032
0.021450	-2.070637
0.021460	-2.068213
0.021470	-2.065761
0.021480	-2.063281
0.021490	-2.060772
0.021500	-2.058236
0.021510	-2.055671
0.021520	-2.053078
0.021530	-2.050458
0.021540	-2.047809
0.021550	-2.045133
0.021560	-2.042430
0.021570	-2.039698
0.021580	-2.036939
0.021590	-2.034153
0.021600	-2.031340
0.021610	-2.028499
0.021620	-2.025631
0.021630	-2.022736
0.021640	-2.019814
0.021650	-2.016865
0.021660	-2.013890
0.021670	-2.010888
0.021680	-2.007859
0.021690	-2.004804
0.021700	-2.001722
0.021710	-1.998614
0.021720	-1.995480
0.021730	-1.992320
0.021740	-1.989134
0.021750	-1.985922
0.021760	-1.982684
0.021770	-1.979421
0.021780	-1.976132
0.021790	-1.972818
0.021800	-1.969478
0.021810	-1.966112
0.021820	-1.962722
0.021830	-1.959307
0.021840	-1.955867
0.021850	-1.952401
0.021860	-1.948911
0.021870	-1.945397
0.021880	-1.941858
0.021890	-1.938295
0.021900	-1.934707
0.021910	-1.931095
0.021920	-1.927459
0.021930	-1.923799
0.021940	-1.920115
0.021950	-1.916408
0.021960	-1.912677
0.021970	-1.908922
0.021980	-1.905144
0.021990	-1.901343
0.022000	-1.897519
0.022010	-1.893671
0.022020	-1.889801
0.022030	-1.885908
0.022040	-1.881992
0.022050	-1.878054
0.022060	-1.874093
0.022070	-1.870110
0.022080	-1.866105
0.022090	-1.862078
0.022100	-1.858029
0.022110	-1.853958
0.022120	-1.849865
0.022130	-1.845751
0.022140	-1.841616
0.022150	-1.837459
0.022160	-1.833281
0.022170	-1.829081
0.022180	-1.824861
0.022190	-1.820621
0.022200	-1.816359
0.022210	-1.812077
0.022220	-1.807775
0.022230	-1.803452
0.022240	-1.799109
0.022250	-1.794746
0.022260	-1.790364
0.022270	-1.785961
0.022280	-1.781539
0.022290	-1.777098
0.022300	-1.772637
0.022310	-1.768157
0.022320	-1.763658
0.022330	-1.759140
0.022340	-1.754603
0.022350	-1.750048
0.022360	-1.745474
0.022370	-1.740881
0.022380	-1.736271
0.022390	-1.731642
0.022400	-1.726995
0.022410	-1.722331
0.022420	-1.717649
0.022430	-1.712949
0.022440	-1.708232
0.022450	-1.703497
0.022460	-1.698746
0.022470	-1.693977
0.022480	-1.689192
0.022490	-1.684390
0.022500	-1.679571
0.022510	-1.674736
0.022520	-1.669885
0.022530	-1.665017
0.022540	-1.660134
0.022550	-1.655235
0.022560	-1.650320
0.022570	-1.645389
0.022580	-1.640443
0.022590	-1.635482
0.022600	-1.630506
0.022610	-1.625515
0.022620	-1.620509
0.022630	-1.615488
0.022640	-1.610453
0.022650	-1.605403
0.022660	-1.600339
0.022670	-1.595261
0.022680	-1.590169
0.022690	-1.585063
0.022700	-1.579944
0.022710	-1.574811
0.022720	-1.569665
0.022730	-1.564505
0.022740	-1.559333
0.022750	-1.554147
0.022760	-1.548949
0.022770	-1.543739
0.022780	-1.538515
0.022790	-1.533280
0.022800	-1.528032
0.022810	-1.522773
0.022820	-1.517501
0.022830	-1.512218
0.022840	-1.506923
0.022850	-1.501617
0.022860	-1.496300
0.022870	-1.490971
0.022880	-1.485632
0.022890	-1.480281
0.022900	-1.474921
0.022910	-1.469549
0.022920	-1.464167
0.022930	-1.458775
0.022940	-1.453374
0.022950	-1.447962
0.022960	-1.442540
0.022970	-1.437109
0.022980	-1.431668
0.022990	-1.426218
0.023000	-1.420759
0.023010	-1.415291
0.023020	-1.409815
0.023030	-1.404329
0.023040	-1.398835
0.023050	-1.393333
0.023060	-1.387822
0.023070	-1.382303
0.023080	-1.376777
0.023090	-1.371242
0.023100	-1.365700
0.023110	-1.360151
0.023120	-1.354594
0.023130	-1.349030
0.023140	-1.343460
0.023150	-1.337882
0.023160	-1.332297
0.023170	-1.326706
0.023180	-1.321109
0.023190	-1.315505
0.023200	-1.309896
0.023210	-1.304280
0.023220	-1.298659
0.023230	-1.293032
0.023240	-1.287399
0.023250	-1.281761
0.023260	-1.276118
0.023270	-1.270470
0.023280	-1.264817
0.023290	-1.259159
0.023300	-1.253497
0.023310	-1.247830
0.023320	-1.242159
0.023330	-1.236484
0.023340	-1.230805
0.023350	-1.225122
0.023360	-1.219435
0.023370	-1.213745
0.023380	-1.208052
0.023390	-1.202355
0.023400	-1.196655
0.023410	-1.190952
0.023420	-1.185247
0.023430	-1.179538
0.023440	-1.173828
0.023450	-1.168115
0.023460	-1.162399
0.023470	-1.156682
0.023480	-1.150963
0.023490	-1.145242
0.023500	-1.139519
0.023510	-1.133795
0.023520	-1.128070
0.023530	-1.122343
0.023540	-1.116616
0.023550	-1.110887
0.023560	-1.105158
0.023570	-1.099428
0.023580	-1.093698
0.023590	-1.087968
0.023600	-1.082237
0.023610	-1.076506
0.023620	-1.070776
0.023630	-1.065045
0.023640	-1.059316
0.023650	-1.053586
0.023660	-1.047858
0.023670	-1.042130
0.023680	-1.036403
0.023690	-1.030678
0.023700	-1.024953
0.023710	-1.019230
0.023720	-1.013509
0.023730	-1.007789
0.023740	-1.002071
0.023750	-0.996355
0.023760	-0.990641
0.023770	-0.984930
0.023780	-0.979220
0.023790	-0.973514
0.023800	-0.967810
0.023810	-0.962108
0.023820	-0.956410
0.023830	-0.950715
0.023840	-0.945023
0.023850	-0.939334
0.023860	-0.933649
0.023870	-0.927967
0.023880	-0.922289
0.023890	-0.916615
0.023900	-0.910945
0.023910	-0.905279
0.023920	-0.899617
0.023930	-0.893960
0.023940	-0.888307
0.023950	-0.882659
0.023960	-0.877016
0.023970	-0.871378
0.023980	-0.865744
0.023990	-0.860116
0.024000	-0.854494
0.024010	-0.848876
0.024020	-0.843264
0.024030	-0.837658
0.024040	-0.832058
0.024050	-0.826464
0.024060	-0.820875
0.024070	-0.815293
0.024080	-0.809717
0.024090	-0.804148
0.024100	-0.798585
0.024110	-0.793029
0.024120	-0.787480
0.024130	-0.781938
0.024140	-0.776403
0.024150	-0.770874
0.024160	-0.765354
0.024170	-0.759840
0.024180	-0.754334
0.024190	-0.748836
0.024200	-0.743346
0.024210	-0.737863
0.024220	-0.732389
0.024230	-0.726923
0.024240	-0.721464
0.024250	-0.716015
0.024260	-0.710573
0.024270	-0.705141
0.024280	-0.699717
0.024290	-0.694301
0.024300	-0.688895
0.024310	-0.683498
0.024320	-0.678110
0.024330	-0.672731
0.024340	-0.667361
0.024350	-0.662001
0.024360	-0.656651
0.024370	-0.651310
0.024380	-0.645980
0.024390	-0.640659
0.024400	-0.635348
0.024410	-0.630047
0.024420	-0.624756
0.024430	-0.619476
0.024440	-0.614206
0.024450	-0.608947
0.024460	-0.603698
0.024470	-0.598460
0.024480	-0.593233
0.024490	-0.588017
0.024500	-0.582812
0.024510	-0.577618
0.024520	-0.572436
0.024530	-0.567264
0.024540	-0.562104
0.024550	-0.556956
0.024560	-0.551820
0.024570	-0.546695
0.024580	-0.541582
0.024590	-0.536480
0.024600	-0.531391
0.024610	-0.526314
0.024620	-0.521249
0.024630	-0.516197
0.024640	-0.511157
0.024650	-0.506129
0.024660	-0.501114
0.024670	-0.496112
0.024680	-0.491122
0.024690	-0.486145
0.024700	-0.481181
0.024710	-0.476230
0.024720	-0.471292
0.024730	-0.466368
0.024740	-0.461456
0.024750	-0.456558
0.024760	-0.451674
0.024770	-0.446803
0.024780	-0.441945
0.024790	-0.437102
0.024800	-0.432272
0.024810	-0.427455
0.024820	-0.422653
0.024830	-0.417865
0.024840	-0.413091
0.024850	-0.408330
0.024860	-0.403585
0.024870	-0.398853
0.024880	-0.394136
0.024890	-0.389433
0.024900	-0.384745
0.024910	-0.380071
0.024920	-0.375412
0.024930	-0.370768
0.024940	-0.366139
0.024950	-0.361524
0.024960	-0.356925
0.024970	-0.352340
0.024980	-0.347771
0.024990	-0.343216
0.025000	-0.338677
0.025010	-0.334153
0.025020	-0.329645
0.025030	-0.325152
0.025040	-0.320674
0.025050	-0.316212
0.025060	-0.311766
0.025070	-0.307335
0.025080	-0.302920
0.025090	-0.298521
0.025100	-0.294137
0.025110	-0.289769
0.025120	-0.285418
0.025130	-0.281082
0.025140	-0.276763
0.025150	-0.272459
0.025160	-0.268172
0.025170	-0.263901
0.025180	-0.259646
0.025190	-0.255408
0.025200	-0.251186
0.025210	-0.246980
0.025220	-0.242791
0.025230	-0.238618
0.025240	-0.234462
0.025250	-0.230323
0.025260	-0.226200
0.025270	-0.222094
0.025280	-0.218005
0.025290	-0.213933
0.025300	-0.209877
0.025310	-0.205839
0.025320	-0.201817
0.025330	-0.197812
0.025340	-0.193825
0.025350	-0.189854
0.025360	-0.185901
0.025370	-0.181964
0.025380	-0.178045
0.025390	-0.174143
0.025400	-0.170259
0.025410	-0.166391
0.025420	-0.162541
0.025430	-0.158709
0.025440	-0.154893
0.025450	-0.151095
0.025460	-0.147315
0.025470	-0.143552
0.025480	-0.139807
0.025490	-0.136079
0.025500	-0.132369
0.025510	-0.128676
0.025520	-0.125002
0.025530	-0.121344
0.025540	-0.117705
0.025550	-0.114083
0.025560	-0.110479
0.025570	-0.106893
0.025580	-0.103324
0.025590	-0.099773
0.025600	-0.096241
0.025610	-0.092726
0.025620	-0.089229
0.025630	-0.085749
0.025640	-0.082288
0.025650	-0.078845
0.025660	-0.075420
0.025670	-0.072012
0.025680	-0.068623
0.025690	-0.065252
0.025700	-0.061898
0.025710	-0.058563
0.025720	-0.055246
0.025730	-0.051947
0.025740	-0.048666
0.025750	-0.045403
0.025760	-0.042158
0.025770	-0.038931
0.025780	-0.035722
0.025790	-0.032532
0.025800	-0.029360
0.025810	-0.026205
0.025820	-0.023069
0.025830	-0.019951
0.025840	-0.016852
0.025850	-0.013770
0.025860	-0.010707
0.025870	-0.007662
0.025880	-0.004635
0.025890	-0.001626
0.025900	0.001365
0.025910	0.004337
0.025920	0.007292
0.025930	0.010228
0.025940	0.013146
0.025950	0.016045
0.025960	0.018927
0.025970	0.021790
0.025980	0.024635
0.025990	0.027463
0.026000	0.030271
0.026010	0.033062
0.026020	0.035835
0.026030	0.038589
0.026040	0.041326
0.026050	0.044044
0.026060	0.046744
0.026070	0.049426
0.026080	0.052090
0.026090	0.054736
0.026100	0.057363
0.026110	0.059973
0.026120	0.062565
0.026130	0.065138
0.026140	0.067694
0.026150	0.070231
0.026160	0.072751
0.026170	0.075253
0.026180	0.077736
0.026190	0.080202
0.026200	0.082650
0.026210	0.085080
0.026220	0.087492
0.026230	0.089886
0.026240	0.092263
0.026250	0.094621
0.026260	0.096962
0.026270	0.099285
0.026280	0.101591
0.026290	0.103878
0.026300	0.106148
0.026310	0.108400
0.026320	0.110635
0.026330	0.112852
0.026340	0.115051
0.026350	0.117233
0.026360	0.119397
0.026370	0.121544
0.026380	0.123673
0.026390	0.125785
0.026400	0.127880
0.026410	0.129957
0.026420	0.132016
0.026430	0.134058
0.026440	0.136084
0.026450	0.138091
0.026460	0.140082
0.026470	0.142055
0.026480	0.144011
0.026490	0.145950
0.026500	0.147872
0.026510	0.149777
0.026520	0.151665
0.026530	0.153536
0.026540	0.155390
0.026550	0.157227
0.026560	0.159048
0.026570	0.160851
0.026580	0.162638
0.026590	0.164408
0.026600	0.166161
0.026610	0.167897
0.026620	0.169617
0.026630	0.171321
0.026640	0.173007
0.026650	0.174678
0.026660	0.176332
0.026670	0.177969
0.026680	0.179590
0.026690	0.181195
0.026700	0.182783
0.026710	0.184356
0.026720	0.185912
0.026730	0.187452
0.026740	0.188976
0.026750	0.190484
0.026760	0.191976
0.026770	0.193452
0.026780	0.194912
0.026790	0.196356
0.026800	0.197785
0.026810	0.199198
0.026820	0.200595
0.026830	0.201976
0.026840	0.203342
0.026850	0.204693
0.026860	0.206028
0.026870	0.207347
0.026880	0.208651
0.026890	0.209940
0.026900	0.211214
0.026910	0.212472
0.026920	0.213715
0.026930	0.214944
0.026940	0.216157
0.026950	0.217355
0.026960	0.218538
0.026970	0.219707
0.026980	0.220860
0.026990	0.221999
0.027000	0.223123
0.027010	0.224233
0.027020	0.225328
0.027030	0.226408
0.027040	0.227474
0.027050	0.228526
0.027060	0.229563
0.027070	0.230587
0.027080	0.231595
0.027090	0.232590
0.027100	0.233571
0.027110	0.234538
0.027120	0.235490
0.027130	0.236429
0.027140	0.237354
0.027150	0.238265
0.027160	0.239163
0.027170	0.240047
0.027180	0.240917
0.027190	0.241774
0.027200	0.242618
0.027210	0.243448
0.027220	0.244264
0.027230	0.245068
0.027240	0.245858
0.027250	0.246636
0.027260	0.247400
0.027270	0.248151
0.027280	0.248889
0.027290	0.249615
0.027300	0.250328
0.027310	0.251028
0.027320	0.251715
0.027330	0.252390
0.027340	0.253052
0.027350	0.253702
0.027360	0.254340
0.027370	0.254965
0.027380	0.255578
0.027390	0.256179
0.027400	0.256768
0.027410	0.257345
0.027420	0.257910
0.027430	0.258463
0.027440	0.259005
0.027450	0.259534
0.027460	0.260052
0.027470	0.260559
0.027480	0.261054
0.027490	0.261537
0.027500	0.262010
0.027510	0.262470
0.027520	0.262920
0.027530	0.263359
0.027540	0.263786
0.027550	0.264203
0.027560	0.264609
0.027570	0.265003
0.027580	0.265387
0.027590	0.265761
0.027600	0.266124
0.027610	0.266476
0.027620	0.266818
0.027630	0.267149
0.027640	0.267470
0.027650	0.267781
0.027660	0.268082
0.027670	0.268372
0.027680	0.268653
0.027690	0.268923
0.027700	0.269184
0.027710	0.269435
0.027720	0.269677
0.027730	0.269908
0.027740	0.270130
0.027750	0.270343
0.027760	0.270546
0.027770	0.270740
0.027780	0.270925
0.027790	0.271101
0.027800	0.271267
0.027810	0.271425
0.027820	0.271573
0.027830	0.271713
0.027840	0.271844
0.027850	0.271966
0.027860	0.272079
0.027870	0.272184
0.027880	0.272281
0.027890	0.272369
0.027900	0.272449
0.027910	0.272520
0.027920	0.272584
0.027930	0.272639
0.027940	0.272687
0.027950	0.272726
0.027960	0.272758
0.027970	0.272781
0.027980	0.272797
0.027990	0.272806
0.028000	0.272807
0.028010	0.272800
0.028020	0.272786
0.028030	0.272765
0.028040	0.272737
0.028050	0.272701
0.028060	0.272659
0.028070	0.272609
0.028080	0.272552
0.028090	0.272489
0.028100	0.272419
0.028110	0.272342
0.028120	0.272259
0.028130	0.272169
0.028140	0.272072
0.028150	0.271969
0.028160	0.271860
0.028170	0.271745
0.028180	0.271624
0.028190	0.271496
0.028200	0.271363
0.028210	0.271223
0.028220	0.271078
0.028230	0.270927
0.028240	0.270771
0.028250	0.270608
0.028260	0.270441
0.028270	0.270268
0.028280	0.270089
0.028290	0.269905
0.028300	0.269716
0.028310	0.269522
0.028320	0.269323
0.028330	0.269118
0.028340	0.268909
0.028350	0.268695
0.028360	0.268477
0.028370	0.268253
0.028380	0.268025
0.028390	0.267793
0.028400	0.267556
0.028410	0.267314
0.028420	0.267069
0.028430	0.266819
0.028440	0.266565
0.028450	0.266307
0.028460	0.266045
0.028470	0.265779
0.028480	0.265509
0.028490	0.265235
0.028500	0.264958
0.028510	0.264677
0.028520	0.264392
0.028530	0.264104
0.028540	0.263813
0.028550	0.263518
0.028560	0.263220
0.028570	0.262919
0.028580	0.262615
0.028590	0.262307
0.028600	0.261997
0.028610	0.261684
0.028620	0.261368
0.028630	0.261049
0.028640	0.260727
0.028650	0.260403
0.028660	0.260077
0.028670	0.259748
0.028680	0.259416
0.028690	0.259082
0.028700	0.258746
0.028710	0.258408
0.028720	0.258068
0.028730	0.257725
0.028740	0.257381
0.028750	0.257035
0.028760	0.256687
0.028770	0.256337
0.028780	0.255985
0.028790	0.255632
0.028800	0.255277
0.028810	0.254921
0.028820	0.254564
0.028830	0.254205
0.028840	0.253844
0.028850	0.253483
0.028860	0.253120
0.028870	0.252756
0.028880	0.252392
0.028890	0.252026
0.028900	0.251659
0.028910	0.251292
0.028920	0.250924
0.028930	0.250555
0.028940	0.250185
0.028950	0.249815
0.028960	0.249445
0.028970	0.249074
0.028980	0.248702
0.028990	0.248331
0.029000	0.247959
0.029010	0.247587
0.029020	0.247215
0.029030	0.246842
0.029040	0.246470
0.029050	0.246098
0.029060	0.245726
0.029070	0.245354
0.029080	0.244983
0.029090	0.244611
0.029100	0.244240
0.029110	0.243870
0.029120	0.243500
0.029130	0.243131
0.029140	0.242762
0.029150	0.242394
0.029160	0.242026
0.029170	0.241660
0.029180	0.241294
0.029190	0.240929
0.029200	0.240565
0.029210	0.240203
0.029220	0.239841
0.029230	0.239480
0.029240	0.239121
0.029250	0.238762
0.029260	0.238406
0.029270	0.238050
0.029280	0.237696
0.029290	0.237343
0.029300	0.236992
0.029310	0.236643
0.029320	0.236295
0.029330	0.235948
0.029340	0.235604
0.029350	0.235261
0.029360	0.234920
0.029370	0.234581
0.029380	0.234244
0.029390	0.233909
0.029400	0.233576
0.029410	0.233245
0.029420	0.232916
0.029430	0.232589
0.029440	0.232265
0.029450	0.231943
0.029460	0.231623
0.029470	0.231306
0.029480	0.230991
0.029490	0.230678
0.029500	0.230368
0.029510	0.230061
0.029520	0.229756
0.029530	0.229454
0.029540	0.229155
0.029550	0.228858
0.029560	0.228564
0.029570	0.228273
0.029580	0.227985
0.029590	0.227700
0.029600	0.227418
0.029610	0.227139
0.029620	0.226863
0.029630	0.226590
0.029640	0.226320
0.029650	0.226053
0.029660	0.225790
0.029670	0.225530
0.029680	0.225273
0.029690	0.225020
0.029700	0.224770
0.029710	0.224523
0.029720	0.224280
0.029730	0.224040
0.029740	0.223804
0.029750	0.223571
0.029760	0.223343
0.029770	0.223117
0.029780	0.222896
0.029790	0.222678
0.029800	0.222464
0.029810	0.222254
0.029820	0.222047
0.029830	0.221844
0.029840	0.221646
0.029850	0.221451
0.029860	0.221260
0.029870	0.221074
0.029880	0.220891
0.029890	0.220712
0.029900	0.220538
0.029910	0.220367
0.029920	0.220201
0.029930	0.220039
0.029940	0.219881
0.029950	0.219728
0.029960	0.219578
0.029970	0.219433
0.029980	0.219293
0.029990	0.219156
0.030000	0.219024
0.030010	0.218897
0.030020	0.218774
0.030030	0.218655
0.030040	0.218541
0.030050	0.218432
0.030060	0.218327
0.030070	0.218227
0.030080	0.218131
0.030090	0.218040
0.030100	0.217953
0.030110	0.217871
0.030120	0.217794
0.030130	0.217722
0.030140	0.217654
0.030150	0.217591
0.030160	0.217533
0.030170	0.217480
0.030180	0.217431
0.030190	0.217388
0.030200	0.217349
0.030210	0.217315
0.030220	0.217286
0.030230	0.217262
0.030240	0.217243
0.030250	0.217229
0.030260	0.217220
0.030270	0.217215
0.030280	0.217216
0.030290	0.217222
0.030300	0.217233
0.030310	0.217249
0.030320	0.217270
0.030330	0.217296
0.030340	0.217327
0.030350	0.217364
0.030360	0.217405
0.030370	0.217452
0.030380	0.217503
0.030390	0.217560
0.030400	0.217622
0.030410	0.217690
0.030420	0.217762
0.030430	0.217840
0.030440	0.217923
0.030450	0.218011
0.030460	0.218104
0.030470	0.218203
0.030480	0.218307
0.030490	0.218416
0.030500	0.218530
0.030510	0.218650
0.030520	0.218775
0.030530	0.218905
0.030540	0.219041
0.030550	0.219182
0.030560	0.219328
0.030570	0.219479
0.030580	0.219636
0.030590	0.219798
0.030600	0.219966
0.030610	0.220139
0.030620	0.220317
0.030630	0.220500
0.030640	0.220689
0.030650	0.220883
0.030660	0.221083
0.030670	0.221287
0.030680	0.221498
0.030690	0.221713
0.030700	0.221934
0.030710	0.222160
0.030720	0.222392
0.030730	0.222629
0.030740	0.222871
0.030750	0.223119
0.030760	0.223372
0.030770	0.223630
0.030780	0.223894
0.030790	0.224163
0.030800	0.224437
0.030810	0.224716
0.030820	0.225001
0.030830	0.225292
0.030840	0.225587
0.030850	0.225888
0.030860	0.226194
0.030870	0.226506
0.030880	0.226822
0.030890	0.227144
0.030900	0.227472
0.030910	0.227804
0.030920	0.228142
0.030930	0.228485
0.030940	0.228833
0.030950	0.229187
0.030960	0.229546
0.030970	0.229910
0.030980	0.230279
0.030990	0.230653
0.031000	0.231033
0.031010	0.231417
0.031020	0.231807
0.031030	0.232202
0.031040	0.232602
0.031050	0.233007
0.031060	0.233418
0.031070	0.233833
0.031080	0.234254
0.031090	0.234679
0.031100	0.235110
0.031110	0.235546
0.031120	0.235987
0.031130	0.236432
0.031140	0.236883
0.031150	0.237339
0.031160	0.237800
0.031170	0.238265
0.031180	0.238736
0.031190	0.239211
0.031200	0.239692
0.031210	0.240177
0.031220	0.240667
0.031230	0.241162
0.031240	0.241662
0.031250	0.242166
0.031260	0.242676
0.031270	0.243190
0.031280	0.243709
0.031290	0.244233
0.031300	0.244761
0.031310	0.245294
0.031320	0.245832
0.031330	0.246374
0.031340	0.246921
0.031350	0.247473
0.031360	0.248029
0.031370	0.248590
0.031380	0.249155
0.031390	0.249725
0.031400	0.250299
0.031410	0.250878
0.031420	0.251461
0.031430	0.252049
0.031440	0.252641
0.031450	0.253237
0.031460	0.253838
0.031470	0.254443
0.031480	0.255052
0.031490	0.255666
0.031500	0.256284
0.031510	0.256906
0.031520	0.257532
0.031530	0.258163
0.031540	0.258797
0.031550	0.259436
0.031560	0.260079
0.031570	0.260726
0.031580	0.261377
0.031590	0.262031
0.031600	0.262690
0.031610	0.263353
0.031620	0.264020
0.031630	0.264691
0.031640	0.265365
0.031650	0.266043
0.031660	0.266725
0.031670	0.267411
0.031680	0.268101
0.031690	0.268794
0.031700	0.269491
0.031710	0.270192
0.031720	0.270896
0.031730	0.271604
0.031740	0.272316
0.031750	0.273031
0.031760	0.273749
0.031770	0.274471
0.031780	0.275196
0.031790	0.275925
0.031800	0.276657
0.031810	0.277393
0.031820	0.278131
0.031830	0.278873
0.031840	0.279619
0.031850	0.280367
0.031860	0.281119
0.031870	0.281873
0.031880	0.282631
0.031890	0.283392
0.031900	0.284156
0.031910	0.284923
0.031920	0.285693
0.031930	0.286465
0.031940	0.287241
0.031950	0.288019
0.031960	0.288801
0.031970	0.289585
0.031980	0.290372
0.031990	0.291161
0.032000	0.291953
0.032010	0.292748
0.032020	0.293546
0.032030	0.294346
0.032040	0.295148
0.032050	0.295953
0.032060	0.296761
0.032070	0.297571
0.032080	0.298383
0.032090	0.299197
0.032100	0.300014
0.032110	0.300834
0.032120	0.301655
0.032130	0.302478
0.032140	0.303304
0.032150	0.304132
0.032160	0.304962
0.032170	0.305794
0.032180	0.306628
0.032190	0.307464
0.032200	0.308301
0.032210	0.309141
0.032220	0.309983
0.032230	0.310826
0.032240	0.311671
0.032250	0.312518
0.032260	0.313366
0.032270	0.314216
0.032280	0.315068
0.032290	0.315921
0.032300	0.316776
0.032310	0.317633
0.032320	0.318490
0.032330	0.319349
0.032340	0.320210
0.032350	0.321072
0.032360	0.321935
0.032370	0.322799
0.032380	0.323665
0.032390	0.324531
0.032400	0.325399
0.032410	0.326268
0.032420	0.327138
0.032430	0.328009
0.032440	0.328880
0.032450	0.329753
0.032460	0.330627
0.032470	0.331501
0.032480	0.332377
0.032490	0.333253
0.032500	0.334129
0.032510	0.335007
0.032520	0.335885
0.032530	0.336763
0.032540	0.337642
0.032550	0.338522
0.032560	0.339402
0.032570	0.340282
0.032580	0.341163
0.032590	0.342044
0.032600	0.342926
0.032610	0.343807
0.032620	0.344689
0.032630	0.345571
0.032640	0.346453
0.032650	0.347336
0.032660	0.348218
0.032670	0.349100
0.032680	0.349982
0.032690	0.350865
0.032700	0.351747
0.032710	0.352628
0.032720	0.353510
0.032730	0.354391
0.032740	0.355272
0.032750	0.356153
0.032760	0.357033
0.032770	0.357913
0.032780	0.358793
0.032790	0.359672
0.032800	0.360550
0.032810	0.361428
0.032820	0.362305
0.032830	0.363181
0.032840	0.364057
0.032850	0.364932
0.032860	0.365806
0.032870	0.366680
0.032880	0.367552
0.032890	0.368424
0.032900	0.369294
0.032910	0.370164
0.032920	0.371032
0.032930	0.371900
0.032940	0.372766
0.032950	0.373631
0.032960	0.374495
0.032970	0.375357
0.032980	0.376218
0.032990	0.377078
0.033000	0.377937
0.033010	0.378794
0.033020	0.379650
0.033030	0.380504
0.033040	0.381356
0.033050	0.382207
0.033060	0.383057
0.033070	0.383904
0.033080	0.384750
0.033090	0.385594
0.033100	0.386437
0.033110	0.387277
0.033120	0.388116
0.033130	0.388953
0.033140	0.389788
0.033150	0.390620
0.033160	0.391451
0.033170	0.392280
0.033180	0.393106
0.033190	0.393931
0.033200	0.394753
0.033210	0.395573
0.033220	0.396391
0.033230	0.397206
0.033240	0.398019
0.033250	0.398830
0.033260	0.399638
0.033270	0.400444
0.033280	0.401247
0.033290	0.402047
0.033300	0.402845
0.033310	0.403641
0.033320	0.404433
0.033330	0.405223
0.033340	0.406011
0.033350	0.406795
0.033360	0.407577
0.033370	0.408356
0.033380	0.409131
0.033390	0.409904
0.033400	0.410674
0.033410	0.411441
0.033420	0.412205
0.033430	0.412966
0.033440	0.413724
0.033450	0.414478
0.033460	0.415229
0.033470	0.415977
0.033480	0.416722
0.033490	0.417464
0.033500	0.418202
0.033510	0.418937
0.033520	0.419668
0.033530	0.420396
0.033540	0.421120
0.033550	0.421841
0.033560	0.422558
0.033570	0.423272
0.033580	0.423982
0.033590	0.424688
0.033600	0.425391
0.033610	0.426090
0.033620	0.426785
0.033630	0.427477
0.033640	0.428164
0.033650	0.428848
0.033660	0.429527
0.033670	0.430203
0.033680	0.430875
0.033690	0.431543
0.033700	0.432206
0.033710	0.432866
0.033720	0.433522
0.033730	0.434173
0.033740	0.434820
0.033750	0.435463
0.033760	0.436102
0.033770	0.436736
0.033780	0.437367
0.033790	0.437992
0.033800	0.438614
0.033810	0.439231
0.033820	0.439844
0.033830	0.440452
0.033840	0.441056
0.033850	0.441655
0.033860	0.442249
0.033870	0.442839
0.033880	0.443425
0.033890	0.444005
0.033900	0.444581
0.033910	0.445153
0.033920	0.445719
0.033930	0.446281
0.033940	0.446838
0.033950	0.447391
0.033960	0.447938
0.033970	0.448481
0.033980	0.449018
0.033990	0.449551
0.034000	0.450078
0.034010	0.450601
0.034020	0.451119
0.034030	0.451632
0.034040	0.452139
0.034050	0.452642
0.034060	0.453139
0.034070	0.453631
0.034080	0.454118
0.034090	0.454600
0.034100	0.455077
0.034110	0.455548
0.034120	0.456014
0.034130	0.456475
0.034140	0.456930
0.034150	0.457380
0.034160	0.457825
0.034170	0.458264
0.034180	0.458698
0.034190	0.459127
0.034200	0.459550
0.034210	0.459967
0.034220	0.460379
0.034230	0.460785
0.034240	0.461186
0.034250	0.461581
0.034260	0.461971
0.034270	0.462355
0.034280	0.462733
0.034290	0.463106
0.034300	0.463473
0.034310	0.463834
0.034320	0.464190
0.034330	0.464539
0.034340	0.464883
0.034350	0.465221
0.034360	0.465554
0.034370	0.465880
0.034380	0.466201
0.034390	0.466516
0.034400	0.466825
0.034410	0.467128
0.034420	0.467425
0.034430	0.467716
0.034440	0.468001
0.034450	0.468280
0.034460	0.468553
0.034470	0.468820
0.034480	0.469081
0.034490	0.469336
0.034500	0.469585
0.034510	0.469828
0.034520	0.470065
0.034530	0.470295
0.034540	0.470520
0.034550	0.470738
0.034560	0.470950
0.034570	0.471156
0.034580	0.471356
0.034590	0.471550
0.034600	0.471737
0.034610	0.471918
0.034620	0.472093
0.034630	0.472262
0.034640	0.472424
0.034650	0.472580
0.034660	0.472730
0.034670	0.472873
0.034680	0.473010
0.034690	0.473141
0.034700	0.473266
0.034710	0.473384
0.034720	0.473495
0.034730	0.473601
0.034740	0.473700
0.034750	0.473792
0.034760	0.473878
0.034770	0.473958
0.034780	0.474031
0.034790	0.474098
0.034800	0.474158
0.034810	0.474212
0.034820	0.474259
0.034830	0.474300
0.034840	0.474335
0.034850	0.474363
0.034860	0.474384
0.034870	0.474399
0.034880	0.474408
0.034890	0.474409
0.034900	0.474405
0.034910	0.474394
0.034920	0.474376
0.034930	0.474352
0.034940	0.474321
0.034950	0.474283
0.034960	0.474240
0.034970	0.474189
0.034980	0.474132
0.034990	0.474068
0.035000	0.473998
0.035010	0.473921
0.035020	0.473838
0.035030	0.473748
0.035040	0.473651
0.035050	0.473548
0.035060	0.473438
0.035070	0.473322
0.035080	0.473199
0.035090	0.473069
0.035100	0.472933
0.035110	0.472790
0.035120	0.472641
0.035130	0.472485
0.035140	0.472322
0.035150	0.472153
0.035160	0.471977
0.035170	0.471794
0.035180	0.471605
0.035190	0.471409
0.035200	0.471207
0.035210	0.470998
0.035220	0.470782
0.035230	0.470560
0.035240	0.470331
0.035250	0.470096
0.035260	0.469854
0.035270	0.469605
0.035280	0.469350
0.035290	0.469088
0.035300	0.468820
0.035310	0.468545
0.035320	0.468263
0.035330	0.467975
0.035340	0.467681
0.035350	0.467379
0.035360	0.467072
0.035370	0.466757
0.035380	0.466436
0.035390	0.466109
0.035400	0.465775
0.035410	0.465434
0.035420	0.465087
0.035430	0.464733
0.035440	0.464373
0.035450	0.464006
0.035460	0.463633
0.035470	0.463254
0.035480	0.462867
0.035490	0.462475
0.035500	0.462076
0.035510	0.461670
0.035520	0.461258
0.035530	0.460840
0.035540	0.460415
0.035550	0.459983
0.035560	0.459545
0.035570	0.459101
0.035580	0.458651
0.035590	0.458194
0.035600	0.457730
0.035610	0.457261
0.035620	0.456784
0.035630	0.456302
0.035640	0.455813
0.035650	0.455318
0.035660	0.454817
0.035670	0.454309
0.035680	0.453795
0.035690	0.453275
0.035700	0.452748
0.035710	0.452215
0.035720	0.451676
0.035730	0.451131
0.035740	0.450579
0.035750	0.450022
0.035760	0.449458
0.035770	0.448888
0.035780	0.448311
0.035790	0.447729
0.035800	0.447141
0.035810	0.446546
0.035820	0.445945
0.035830	0.445338
0.035840	0.444726
0.035850	0.444107
0.035860	0.443482
0.035870	0.442851
0.035880	0.442214
0.035890	0.441571
0.035900	0.440922
0.035910	0.440267
0.035920	0.439606
0.035930	0.438939
0.035940	0.438267
0.035950	0.437588
0.035960	0.436904
0.035970	0.436213
0.035980	0.435517
0.035990	0.434815
0.036000	0.434108
0.036010	0.433394
0.036020	0.432675
0.036030	0.431950
0.036040	0.431219
0.036050	0.430483
0.036060	0.429741
0.036070	0.428993
0.036080	0.428240
0.036090	0.427481
0.036100	0.426716
0.036110	0.425946
0.036120	0.425170
0.036130	0.424389
0.036140	0.423602
0.036150	0.422810
0.036160	0.422012
0.036170	0.421209
0.036180	0.420400
0.036190	0.419586
0.036200	0.418767
0.036210	0.417942
0.036220	0.417112
0.036230	0.416277
0.036240	0.415436
0.036250	0.414590
0.036260	0.413739
0.036270	0.412882
0.036280	0.412021
0.036290	0.411154
0.036300	0.410282
0.036310	0.409405
0.036320	0.408522
0.036330	0.407635
0.036340	0.406743
0.036350	0.405845
0.036360	0.404943
0.036370	0.404036
0.036380	0.403123
0.036390	0.402206
0.036400	0.401284
0.036410	0.400357
0.036420	0.399425
0.036430	0.398488
0.036440	0.397547
0.036450	0.396600
0.036460	0.395649
0.036470	0.394694
0.036480	0.393733
0.036490	0.392768
0.036500	0.391798
0.036510	0.390824
0.036520	0.389845
0.036530	0.388861
0.036540	0.387873
0.036550	0.386880
0.036560	0.385883
0.036570	0.384882
0.036580	0.383876
0.036590	0.382865
0.036600	0.381851
0.036610	0.380832
0.036620	0.379808
0.036630	0.378781
0.036640	0.377749
0.036650	0.376713
0.036660	0.375672
0.036670	0.374628
0.036680	0.373579
0.036690	0.372526
0.036700	0.371469
0.036710	0.370408
0.036720	0.369343
0.036730	0.368275
0.036740	0.367202
0.036750	0.366125
0.036760	0.365044
0.036770	0.363959
0.036780	0.362871
0.036790	0.361779
0.036800	0.360683
0.036810	0.359583
0.036820	0.358479
0.036830	0.357372
0.036840	0.356261
0.036850	0.355146
0.036860	0.354028
0.036870	0.352907
0.036880	0.351781
0.036890	0.350653
0.036900	0.349520
0.036910	0.348385
0.036920	0.347246
0.036930	0.346103
0.036940	0.344957
0.036950	0.343808
0.036960	0.342655
0.036970	0.341500
0.036980	0.340341
0.036990	0.339179
0.037000	0.338013
0.037010	0.336845
0.037020	0.335673
0.037030	0.334499
0.037040	0.333321
0.037050	0.332140
0.037060	0.330957
0.037070	0.329770
0.037080	0.328581
0.037090	0.327388
0.037100	0.326193
0.037110	0.324995
0.037120	0.323794
0.037130	0.322591
0.037140	0.321384
0.037150	0.320175
0.037160	0.318964
0.037170	0.317750
0.037180	0.316533
0.037190	0.315314
0.037200	0.314092
0.037210	0.312867
0.037220	0.311641
0.037230	0.310411
0.037240	0.309180
0.037250	0.307946
0.037260	0.306709
0.037270	0.305471
0.037280	0.304230
0.037290	0.302987
0.037300	0.301742
0.037310	0.300494
0.037320	0.299245
0.037330	0.297993
0.037340	0.296740
0.037350	0.295484
0.037360	0.294226
0.037370	0.292967
0.037380	0.291705
0.037390	0.290442
0.037400	0.289177
0.037410	0.287910
0.037420	0.286641
0.037430	0.285370
0.037440	0.284098
0.037450	0.282824
0.037460	0.281548
0.037470	0.280271
0.037480	0.278992
0.037490	0.277711
0.037500	0.276429
0.037510	0.275146
0.037520	0.273861
0.037530	0.272575
0.037540	0.271287
0.037550	0.269998
0.037560	0.268708
0.037570	0.267416
0.037580	0.266123
0.037590	0.264829
0.037600	0.263534
0.037610	0.262237
0.037620	0.260940
0.037630	0.259641
0.037640	0.258341
0.037650	0.257040
0.037660	0.255739
0.037670	0.254436
0.037680	0.253132
0.037690	0.251828
0.037700	0.250522
0.037710	0.249216
0.037720	0.247909
0.037730	0.246602
0.037740	0.245293
0.037750	0.243984
0.037760	0.242674
0.037770	0.241364
0.037780	0.240053
0.037790	0.238741
0.037800	0.237429
0.037810	0.236117
0.037820	0.234804
0.037830	0.233490
0.037840	0.232177
0.037850	0.230862
0.037860	0.229548
0.037870	0.228233
0.037880	0.226918
0.037890	0.225603
0.037900	0.224287
0.037910	0.222972
0.037920	0.221656
0.037930	0.220340
0.037940	0.219024
0.037950	0.217708
0.037960	0.216392
0.037970	0.215076
0.037980	0.213760
0.037990	0.212445
0.038000	0.211129
0.038010	0.209813
0.038020	0.208498
0.038030	0.207183
0.038040	0.205868
0.038050	0.204554
0.038060	0.203239
0.038070	0.201925
0.038080	0.200612
0.038090	0.199299
0.038100	0.197986
0.038110	0.196674
0.038120	0.195362
0.038130	0.194051
0.038140	0.192740
0.038150	0.191430
0.038160	0.190121
0.038170	0.188812
0.038180	0.187504
0.038190	0.186197
0.038200	0.184890
0.038210	0.183585
0.038220	0.182280
0.038230	0.180976
0.038240	0.179672
0.038250	0.178370
0.038260	0.177069
0.038270	0.175768
0.038280	0.174469
0.038290	0.173170
0.038300	0.171873
0.038310	0.170576
0.038320	0.169281
0.038330	0.167987
0.038340	0.166694
0.038350	0.165402
0.038360	0.164112
0.038370	0.162823
0.038380	0.161535
0.038390	0.160248
0.038400	0.158963
0.038410	0.157679
0.038420	0.156396
0.038430	0.155115
0.038440	0.153835
0.038450	0.152557
0.038460	0.151280
0.038470	0.150005
0.038480	0.148732
0.038490	0.147460
0.038500	0.146189
0.038510	0.144921
0.038520	0.143654
0.038530	0.142388
0.038540	0.141125
0.038550	0.139863
0.038560	0.138603
0.038570	0.137344
0.038580	0.136088
0.038590	0.134833
0.038600	0.133581
0.038610	0.132330
0.038620	0.131081
0.038630	0.129834
0.038640	0.128589
0.038650	0.127346
0.038660	0.126105
0.038670	0.124867
0.038680	0.123630
0.038690	0.122396
0.038700	0.121163
0.038710	0.119933
0.038720	0.118705
0.038730	0.117479
0.038740	0.116256
0.038750	0.115034
0.038760	0.113815
0.038770	0.112599
0.038780	0.111384
0.038790	0.110172
0.038800	0.108963
0.038810	0.107756
0.038820	0.106551
0.038830	0.105349
0.038840	0.104149
0.038850	0.102952
0.038860	0.101757
0.038870	0.100565
0.038880	0.099375
0.038890	0.098188
0.038900	0.097004
0.038910	0.095822
0.038920	0.094643
0.038930	0.093467
0.038940	0.092293
0.038950	0.091122
0.038960	0.089954
0.038970	0.088788
0.038980	0.087626
0.038990	0.086466
0.039000	0.085309
0.039010	0.084155
0.039020	0.083004
0.039030	0.081855
0.039040	0.080710
0.039050	0.079567
0.039060	0.078428
0.039070	0.077291
0.039080	0.076158
0.039090	0.075027
0.039100	0.073900
0.039110	0.072776
0.039120	0.071654
0.039130	0.070536
0.039140	0.069421
0.039150	0.068309
0.039160	0.067200
0.039170	0.066095
0.039180	0.064992
0.039190	0.063893
0.039200	0.062797
0.039210	0.061704
0.039220	0.060615
0.039230	0.059529
0.039240	0.058446
0.039250	0.057366
0.039260	0.056290
0.039270	0.055217
0.039280	0.054148
0.039290	0.053081
0.039300	0.052019
0.039310	0.050959
0.039320	0.049904
0.039330	0.048851
0.039340	0.047802
0.039350	0.046757
0.039360	0.045715
0.039370	0.044676
0.039380	0.043641
0.039390	0.042610
0.039400	0.041582
0.039410	0.040558
0.039420	0.039537
0.039430	0.038520
0.039440	0.037507
0.039450	0.036497
0.039460	0.035491
0.039470	0.034488
0.039480	0.033489
0.039490	0.032494
0.039500	0.031503
0.039510	0.030515
0.039520	0.029531
0.039530	0.028551
0.039540	0.027574
0.039550	0.026601
0.039560	0.025632
0.039570	0.024667
0.039580	0.023706
0.039590	0.022748
0.039600	0.021794
0.039610	0.020844
0.039620	0.019898
0.039630	0.018956
0.039640	0.018018
0.039650	0.017083
0.039660	0.016153
0.039670	0.015226
0.039680	0.014303
0.039690	0.013384
0.039700	0.012469
0.039710	0.011558
0.039720	0.010651
0.039730	0.009748
0.039740	0.008849
0.039750	0.007954
0.039760	0.007063
0.039770	0.006176
0.039780	0.005293
0.039790	0.004414
0.039800	0.003539
0.039810	0.002668
0.039820	0.001801
0.039830	0.000938
0.039840	0.000079
0.039850	-0.000776
0.039860	-0.001627
0.039870	-0.002474
0.039880	-0.003316
0.039890	-0.004155
0.039900	-0.004989
0.039910	-0.005820
0.039920	-0.006646
0.039930	-0.007468
0.039940	-0.008286
0.039950	-0.009100
0.039960	-0.009909
0.039970	-0.010715
0.039980	-0.011516
0.039990	-0.012313
0.040000	-0.013107
0.040010	-0.013895
0.040020	-0.014680
0.040030	-0.015461
0.040040	-0.016237
0.040050	-0.017009
0.040060	-0.017777
0.040070	-0.018541
0.040080	-0.019301
0.040090	-0.020056
0.040100	-0.020808
0.040110	-0.021555
0.040120	-0.022298
0.040130	-0.023036
0.040140	-0.023771
0.040150	-0.024501
0.040160	-0.025227
0.040170	-0.025949
0.040180	-0.026666
0.040190	-0.027379
0.040200	-0.028088
0.040210	-0.028793
0.040220	-0.029494
0.040230	-0.030190
0.040240	-0.030882
0.040250	-0.031570
0.040260	-0.032254
0.040270	-0.032933
0.040280	-0.033609
0.040290	-0.034280
0.040300	-0.034946
0.040310	-0.035609
0.040320	-0.036267
0.040330	-0.036921
0.040340	-0.037571
0.040350	-0.038216
0.040360	-0.038857
0.040370	-0.039494
0.040380	-0.040127
0.040390	-0.040756
0.040400	-0.041380
0.040410	-0.042000
0.040420	-0.042616
0.040430	-0.043228
0.040440	-0.043835
0.040450	-0.044438
0.040460	-0.045037
0.040470	-0.045632
0.040480	-0.046222
0.040490	-0.046808
0.040500	-0.047390
0.040510	-0.047968
0.040520	-0.048542
0.040530	-0.049111
0.040540	-0.049676
0.040550	-0.050237
0.040560	-0.050794
0.040570	-0.051347
0.040580	-0.051895
0.040590	-0.052439
0.040600	-0.052979
0.040610	-0.053515
0.040620	-0.054047
0.040630	-0.054574
0.040640	-0.055098
0.040650	-0.055617
0.040660	-0.056132
0.040670	-0.056643
0.040680	-0.057149
0.040690	-0.057652
0.040700	-0.058150
0.040710	-0.058644
0.040720	-0.059135
0.040730	-0.059621
0.040740	-0.060103
0.040750	-0.060580
0.040760	-0.061054
0.040770	-0.061524
0.040780	-0.061989
0.040790	-0.062451
0.040800	-0.062908
0.040810	-0.063361
0.040820	-0.063810
0.040830	-0.064255
0.040840	-0.064697
0.040850	-0.065134
0.040860	-0.065567
0.040870	-0.065996
0.040880	-0.066421
0.040890	-0.066842
0.040900	-0.067258
0.040910	-0.067671
0.040920	-0.068080
0.040930	-0.068485
0.040940	-0.068886
0.040950	-0.069283
0.040960	-0.069677
0.040970	-0.070066
0.040980	-0.070451
0.040990	-0.070832
0.041000	-0.071210
0.041010	-0.071583
0.041020	-0.071953
0.041030	-0.072318
0.041040	-0.072680
0.041050	-0.073038
0.041060	-0.073392
0.041070	-0.073742
0.041080	-0.074088
0.041090	-0.074431
0.041100	-0.074770
0.041110	-0.075104
0.041120	-0.075436
0.041130	-0.075763
0.041140	-0.076086
0.041150	-0.076406
0.041160	-0.076722
0.041170	-0.077034
0.041180	-0.077343
0.041190	-0.077648
0.041200	-0.077949
0.041210	-0.078246
0.041220	-0.078540
0.041230	-0.078830
0.041240	-0.079116
0.041250	-0.079398
0.041260	-0.079677
0.041270	-0.079953
0.041280	-0.080225
0.041290	-0.080493
0.041300	-0.080757
0.041310	-0.081018
0.041320	-0.081276
0.041330	-0.081529
0.041340	-0.081780
0.041350	-0.082027
0.041360	-0.082270
0.041370	-0.082509
0.041380	-0.082746
0.041390	-0.082978
0.041400	-0.083208
0.041410	-0.083434
0.041420	-0.083656
0.041430	-0.083875
0.041440	-0.084090
0.041450	-0.084302
0.041460	-0.084511
0.041470	-0.084717
0.041480	-0.084919
0.041490	-0.085117
0.041500	-0.085313
0.041510	-0.085505
0.041520	-0.085693
0.041530	-0.085879
0.041540	-0.086061
0.041550	-0.086240
0.041560	-0.086415
0.041570	-0.086588
0.041580	-0.086757
0.041590	-0.086923
0.041600	-0.087086
0.041610	-0.087245
0.041620	-0.087402
0.041630	-0.087555
0.041640	-0.087705
0.041650	-0.087852
0.041660	-0.087996
0.041670	-0.088137
0.041680	-0.088275
0.041690	-0.088410
0.041700	-0.088541
0.041710	-0.088670
0.041720	-0.088796
0.041730	-0.088918
0.041740	-0.089038
0.041750	-0.089155
0.041760	-0.089269
0.041770	-0.089380
0.041780	-0.089488
0.041790	-0.089593
0.041800	-0.089695
0.041810	-0.089794
0.041820	-0.089891
0.041830	-0.089984
0.041840	-0.090075
0.041850	-0.090163
0.041860	-0.090248
0.041870	-0.090331
0.041880	-0.090411
0.041890	-0.090488
0.041900	-0.090562
0.041910	-0.090633
0.041920	-0.090702
0.041930	-0.090769
0.041940	-0.090832
0.041950	-0.090893
0.041960	-0.090951
0.041970	-0.091007
0.041980	-0.091060
0.041990	-0.091111
0.042000	-0.091159
0.042010	-0.091204
0.042020	-0.091247
0.042030	-0.091288
0.042040	-0.091326
0.042050	-0.091361
0.042060	-0.091394
0.042070	-0.091425
0.042080	-0.091453
0.042090	-0.091479
0.042100	-0.091502
0.042110	-0.091524
0.042120	-0.091542
0.042130	-0.091559
0.042140	-0.091573
0.042150	-0.091585
0.042160	-0.091594
0.042170	-0.091601
0.042180	-0.091606
0.042190	-0.091609
0.042200	-0.091610
0.042210	-0.091608
0.042220	-0.091605
0.042230	-0.091599
0.042240	-0.091591
0.042250	-0.091580
0.042260	-0.091568
0.042270	-0.091554
0.042280	-0.091537
0.042290	-0.091519
0.042300	-0.091498
0.042310	-0.091476
0.042320	-0.091451
0.042330	-0.091425
0.042340	-0.091397
0.042350	-0.091366
0.042360	-0.091334
0.042370	-0.091300
0.042380	-0.091264
0.042390	-0.091226
0.042400	-0.091186
0.042410	-0.091144
0.042420	-0.091101
0.042430	-0.091055
0.042440	-0.091008
0.042450	-0.090960
0.042460	-0.090909
0.042470	-0.090857
0.042480	-0.090803
0.042490	-0.090747
0.042500	-0.090690
0.042510	-0.090631
0.042520	-0.090570
0.042530	-0.090508
0.042540	-0.090444
0.042550	-0.090379
0.042560	-0.090312
0.042570	-0.090243
0.042580	-0.090173
0.042590	-0.090101
0.042600	-0.090028
0.042610	-0.089954
0.042620	-0.089877
0.042630	-0.089800
0.042640	-0.089721
0.042650	-0.089641
0.042660	-0.089559
0.042670	-0.089476
0.042680	-0.089391
0.042690	-0.089306
0.042700	-0.089218
0.042710	-0.089130
0.042720	-0.089040
0.042730	-0.088949
0.042740	-0.088857
0.042750	-0.088764
0.042760	-0.088669
0.042770	-0.088573
0.042780	-0.088476
0.042790	-0.088378
0.042800	-0.088279
0.042810	-0.088178
0.042820	-0.088077
0.042830	-0.087974
0.042840	-0.087870
0.042850	-0.087765
0.042860	-0.087659
0.042870	-0.087553
0.042880	-0.087445
0.042890	-0.087336
0.042900	-0.087226
0.042910	-0.087115
0.042920	-0.087003
0.042930	-0.086891
0.042940	-0.086777
0.042950	-0.086663
0.042960	-0.086547
0.042970	-0.086431
0.042980	-0.086314
0.042990	-0.086196
0.043000	-0.086078
0.043010	-0.085958
0.043020	-0.085838
0.043030	-0.085717
0.043040	-0.085596
0.043050	-0.085473
0.043060	-0.085350
0.043070	-0.085226
0.043080	-0.085102
0.043090	-0.084977
0.043100	-0.084851
0.043110	-0.084725
0.043120	-0.084598
0.043130	-0.084470
0.043140	-0.084342
0.043150	-0.084213
0.043160	-0.084084
0.043170	-0.083954
0.043180	-0.083824
0.043190	-0.083693
0.043200	-0.083562
0.043210	-0.083430
0.043220	-0.083298
0.043230	-0.083166
0.043240	-0.083033
0.043250	-0.082899
0.043260	-0.082765
0.043270	-0.082631
0.043280	-0.082497
0.043290	-0.082362
0.043300	-0.082227
0.043310	-0.082091
0.043320	-0.081956
0.043330	-0.081820
0.043340	-0.081683
0.043350	-0.081547
0.043360	-0.081410
0.043370	-0.081273
0.043380	-0.081136
0.043390	-0.080999
0.043400	-0.080861
0.043410	-0.080724
0.043420	-0.080586
0.043430	-0.080448
0.043440	-0.080310
0.043450	-0.080172
0.043460	-0.080033
0.043470	-0.079895
0.043480	-0.079757
0.043490	-0.079618
0.043500	-0.079480
0.043510	-0.079342
0.043520	-0.079203
0.043530	-0.079065
0.043540	-0.078926
0.043550	-0.078788
0.043560	-0.078650
0.043570	-0.078512
0.043580	-0.078374
0.043590	-0.078236
0.043600	-0.078098
0.043610	-0.077960
0.043620	-0.077822
0.043630	-0.077685
0.043640	-0.077548
0.043650	-0.077411
0.043660	-0.077274
0.043670	-0.077137
0.043680	-0.077000
0.043690	-0.076864
0.043700	-0.076728
0.043710	-0.076592
0.043720	-0.076457
0.043730	-0.076322
0.043740	-0.076187
0.043750	-0.076052
0.043760	-0.075918
0.043770	-0.075784
0.043780	-0.075650
0.043790	-0.075517
0.043800	-0.075384
0.043810	-0.075252
0.043820	-0.075119
0.043830	-0.074988
0.043840	-0.074856
0.043850	-0.074726
0.043860	-0.074595
0.043870	-0.074465
0.043880	-0.074336
0.043890	-0.074207
0.043900	-0.074078
0.043910	-0.073950
0.043920	-0.073822
0.043930	-0.073695
0.043940	-0.073569
0.043950	-0.073443
0.043960	-0.073318
0.043970	-0.073193
0.043980	-0.073068
0.043990	-0.072945
0.044000	-0.072822
0.044010	-0.072699
0.044020	-0.072577
0.044030	-0.072456
0.044040	-0.072335
0.044050	-0.072215
0.044060	-0.072096
0.044070	-0.071977
0.044080	-0.071859
0.044090	-0.071742
0.044100	-0.071625
0.044110	-0.071509
0.044120	-0.071394
0.044130	-0.071280
0.044140	-0.071166
0.044150	-0.071053
0.044160	-0.070940
0.044170	-0.070829
0.044180	-0.070718
0.044190	-0.070608
0.044200	-0.070499
0.044210	-0.070391
0.044220	-0.070283
0.044230	-0.070176
0.044240	-0.070070
0.044250	-0.069965
0.044260	-0.069861
0.044270	-0.069757
0.044280	-0.069655
0.044290	-0.069553
0.044300	-0.069452
0.044310	-0.069352
0.044320	-0.069253
0.044330	-0.069154
0.044340	-0.069057
0.044350	-0.068961
0.044360	-0.068865
0.044370	-0.068770
0.044380	-0.068677
0.044390	-0.068584
0.044400	-0.068492
0.044410	-0.068401
0.044420	-0.068311
0.044430	-0.068222
0.044440	-0.068134
0.044450	-0.068047
0.044460	-0.067961
0.044470	-0.067876
0.044480	-0.067792
0.044490	-0.067709
0.044500	-0.067627
0.044510	-0.067546
0.044520	-0.067466
0.044530	-0.067387
0.044540	-0.067309
0.044550	-0.067232
0.044560	-0.067156
0.044570	-0.067081
0.044580	-0.067007
0.044590	-0.066934
0.044600	-0.066863
0.044610	-0.066792
0.044620	-0.066722
0.044630	-0.066654
0.044640	-0.066586
0.044650	-0.066520
0.044660	-0.066455
0.044670	-0.066391
0.044680	-0.066328
0.044690	-0.066266
0.044700	-0.066205
0.044710	-0.066145
0.044720	-0.066086
0.044730	-0.066029
0.044740	-0.065973
0.044750	-0.065917
0.044760	-0.065863
0.044770	-0.065810
0.044780	-0.065758
0.044790	-0.065708
0.044800	-0.065658
0.044810	-0.065610
0.044820	-0.065562
0.044830	-0.065516
0.044840	-0.065471
0.044850	-0.065428
0.044860	-0.065385
0.044870	-0.065344
0.044880	-0.065303
0.044890	-0.065264
0.044900	-0.065226
0.044910	-0.065189
0.044920	-0.065154
0.044930	-0.065119
0.044940	-0.065086
0.044950	-0.065054
0.044960	-0.065023
0.044970	-0.064994
0.044980	-0.064965
0.044990	-0.064938
0.045000	-0.064912
0.045010	-0.064887
0.045020	-0.064863
0.045030	-0.064841
0.045040	-0.064819
0.045050	-0.064799
0.045060	-0.064780
0.045070	-0.064763
0.045080	-0.064746
0.045090	-0.064731
0.045100	-0.064717
0.045110	-0.064704
0.045120	-0.064692
0.045130	-0.064682
0.045140	-0.064673
0.045150	-0.064665
0.045160	-0.064658
0.045170	-0.064652
0.045180	-0.064648
0.045190	-0.064644
0.045200	-0.064642
0.045210	-0.064642
0.045220	-0.064642
0.045230	-0.064644
0.045240	-0.064647
0.045250	-0.064651
0.045260	-0.064656
0.045270	-0.064662
0.045280	-0.064670
0.045290	-0.064679
0.045300	-0.064689
0.045310	-0.064700
0.045320	-0.064713
0.045330	-0.064726
0.045340	-0.064741
0.045350	-0.064757
0.045360	-0.064774
0.045370	-0.064793
0.045380	-0.064812
0.045390	-0.064833
0.045400	-0.064855
0.045410	-0.064879
0.045420	-0.064903
0.045430	-0.064928
0.045440	-0.064955
0.045450	-0.064983
0.045460	-0.065012
0.045470	-0.065043
0.045480	-0.065074
0.045490	-0.065107
0.045500	-0.065141
0.045510	-0.065176
0.045520	-0.065212
0.045530	-0.065249
0.045540	-0.065287
0.045550	-0.065327
0.045560	-0.065368
0.045570	-0.065410
0.045580	-0.065453
0.045590	-0.065497
0.045600	-0.065542
0.045610	-0.065589
0.045620	-0.065636
0.045630	-0.065685
0.045640	-0.065735
0.045650	-0.065786
0.045660	-0.065838
0.045670	-0.065891
0.045680	-0.065946
0.045690	-0.066001
0.045700	-0.066058
0.045710	-0.066115
0.045720	-0.066174
0.045730	-0.066234
0.045740	-0.066295
0.045750	-0.066357
0.045760	-0.066420
0.045770	-0.066484
0.045780	-0.066549
0.045790	-0.066616
0.045800	-0.066683
0.045810	-0.066751
0.045820	-0.066821
0.045830	-0.066891
0.045840	-0.066963
0.045850	-0.067036
0.045860	-0.067109
0.045870	-0.067184
0.045880	-0.067260
0.045890	-0.067336
0.045900	-0.067414
0.045910	-0.067493
0.045920	-0.067572
0.045930	-0.067653
0.045940	-0.067735
0.045950	-0.067818
0.045960	-0.067901
0.045970	-0.067986
0.045980	-0.068072
0.045990	-0.068158
0.046000	-0.068246
0.046010	-0.068334
0.046020	-0.068424
0.046030	-0.068514
0.046040	-0.068605
0.046050	-0.068698
0.046060	-0.068791
0.046070	-0.068885
0.046080	-0.068980
0.046090	-0.069076
0.046100	-0.069173
0.046110	-0.069270
0.046120	-0.069369
0.046130	-0.069468
0.046140	-0.069569
0.046150	-0.069670
0.046160	-0.069772
0.046170	-0.069875
0.046180	-0.069978
0.046190	-0.070083
0.046200	-0.070188
0.046210	-0.070295
0.046220	-0.070402
0.046230	-0.070510
0.046240	-0.070618
0.046250	-0.070728
0.046260	-0.070838
0.046270	-0.070949
0.046280	-0.071061
0.046290	-0.071173
0.046300	-0.071287
0.046310	-0.071401
0.046320	-0.071516
0.046330	-0.071631
0.046340	-0.071748
0.046350	-0.071865
0.046360	-0.071982
0.046370	-0.072101
0.046380	-0.072220
0.046390	-0.072340
0.046400	-0.072460
0.046410	-0.072582
0.046420	-0.072704
0.046430	-0.072826
0.046440	-0.072949
0.046450	-0.073073
0.046460	-0.073198
0.046470	-0.073323
0.046480	-0.073449
0.046490	-0.073575
0.046500	-0.073702
0.046510	-0.073830
0.046520	-0.073958
0.046530	-0.074087
0.046540	-0.074216
0.046550	-0.074346
0.046560	-0.074476
0.046570	-0.074607
0.046580	-0.074739
0.046590	-0.074871
0.046600	-0.075004
0.046610	-0.075137
0.046620	-0.075270
0.046630	-0.075404
0.046640	-0.075539
0.046650	-0.075674
0.046660	-0.075810
0.046670	-0.075946
0.046680	-0.076082
0.046690	-0.076219
0.046700	-0.076357
0.046710	-0.076495
0.046720	-0.076633
0.046730	-0.076772
0.046740	-0.076911
0.046750	-0.077050
0.046760	-0.077190
0.046770	-0.077330
0.046780	-0.077471
0.046790	-0.077612
0.046800	-0.077753
0.046810	-0.077895
0.046820	-0.078037
0.046830	-0.078179
0.046840	-0.078322
0.046850	-0.078465
0.046860	-0.078608
0.046870	-0.078752
0.046880	-0.078896
0.046890	-0.079040
0.046900	-0.079185
0.046910	-0.079329
0.046920	-0.079474
0.046930	-0.079619
0.046940	-0.079765
0.046950	-0.079910
0.046960	-0.080056
0.046970	-0.080202
0.046980	-0.080348
0.046990	-0.080495
0.047000	-0.080641
0.047010	-0.080788
0.047020	-0.080935
0.047030	-0.081082
0.047040	-0.081229
0.047050	-0.081376
0.047060	-0.081524
0.047070	-0.081671
0.047080	-0.081819
0.047090	-0.081967
0.047100	-0.082115
0.047110	-0.082263
0.047120	-0.082411
0.047130	-0.082559
0.047140	-0.082707
0.047150	-0.082855
0.047160	-0.083003
0.047170	-0.083151
0.047180	-0.083299
0.047190	-0.083447
0.047200	-0.083596
0.047210	-0.083744
0.047220	-0.083892
0.047230	-0.084040
0.047240	-0.084188
0.047250	-0.084336
0.047260	-0.084484
0.047270	-0.084632
0.047280	-0.084780
0.047290	-0.084927
0.047300	-0.085075
0.047310	-0.085222
0.047320	-0.085370
0.047330	-0.085517
0.047340	-0.085664
0.047350	-0.085811
0.047360	-0.085958
0.047370	-0.086104
0.047380	-0.086251
0.047390	-0.086397
0.047400	-0.086543
0.047410	-0.086689
0.047420	-0.086835
0.047430	-0.086980
0.047440	-0.087125
0.047450	-0.087270
0.047460	-0.087415
0.047470	-0.087560
0.047480	-0.087704
0.047490	-0.087848
0.047500	-0.087992
0.047510	-0.088135
0.047520	-0.088278
0.047530	-0.088421
0.047540	-0.088563
0.047550	-0.088706
0.047560	-0.088847
0.047570	-0.088989
0.047580	-0.089130
0.047590	-0.089271
0.047600	-0.089411
0.047610	-0.089551
0.047620	-0.089691
0.047630	-0.089830
0.047640	-0.089969
0.047650	-0.090107
0.047660	-0.090245
0.047670	-0.090383
0.047680	-0.090520
0.047690	-0.090657
0.047700	-0.090793
0.047710	-0.090928
0.047720	-0.091064
0.047730	-0.091199
0.047740	-0.091333
0.047750	-0.091467
0.047760	-0.091600
0.047770	-0.091733
0.047780	-0.091865
0.047790	-0.091997
0.047800	-0.092128
0.047810	-0.092258
0.047820	-0.092388
0.047830	-0.092518
0.047840	-0.092647
0.047850	-0.092775
0.047860	-0.092903
0.047870	-0.093030
0.047880	-0.093157
0.047890	-0.093283
0.047900	-0.093408
0.047910	-0.093532
0.047920	-0.093657
0.047930	-0.093780
0.047940	-0.093903
0.047950	-0.094025
0.047960	-0.094146
0.047970	-0.094267
0.047980	-0.094387
0.047990	-0.094506
0.048000	-0.094625
0.048010	-0.094742
0.048020	-0.094860
0.048030	-0.094976
0.048040	-0.095092
0.048050	-0.095207
0.048060	-0.095321
0.048070	-0.095434
0.048080	-0.095547
0.048090	-0.095659
0.048100	-0.095770
0.048110	-0.095880
0.048120	-0.095990
0.048130	-0.096099
0.048140	-0.096207
0.048150	-0.096314
0.048160	-0.096420
0.048170	-0.096526
0.048180	-0.096630
0.048190	-0.096734
0.048200	-0.096837
0.048210	-0.096939
0.048220	-0.097040
0.048230	-0.097140
0.048240	-0.097240
0.048250	-0.097338
0.048260	-0.097436
0.048270	-0.097533
0.048280	-0.097629
0.048290	-0.097723
0.048300	-0.097817
0.048310	-0.097911
0.048320	-0.098003
0.048330	-0.098094
0.048340	-0.098184
0.048350	-0.098273
0.048360	-0.098362
0.048370	-0.098449
0.048380	-0.098535
0.048390	-0.098621
0.048400	-0.098705
0.048410	-0.098789
0.048420	-0.098871
0.048430	-0.098952
0.048440	-0.099033
0.048450	-0.099112
0.048460	-0.099190
0.048470	-0.099268
0.048480	-0.099344
0.048490	-0.099419
0.048500	-0.099493
0.048510	-0.099567
0.048520	-0.099639
0.048530	-0.099710
0.048540	-0.099780
0.048550	-0.099848
0.048560	-0.099916
0.048570	-0.099983
0.048580	-0.100048
0.048590	-0.100113
0.048600	-0.100176
0.048610	-0.100238
0.048620	-0.100300
0.048630	-0.100360
0.048640	-0.100419
0.048650	-0.100476
0.048660	-0.100533
0.048670	-0.100588
0.048680	-0.100643
0.048690	-0.100696
0.048700	-0.100748
0.048710	-0.100799
0.048720	-0.100849
0.048730	-0.100897
0.048740	-0.100945
0.048750	-0.100991
0.048760	-0.101036
0.048770	-0.101080
0.048780	-0.101122
0.048790	-0.101164
0.048800	-0.101204
0.048810	-0.101243
0.048820	-0.101281
0.048830	-0.101317
0.048840	-0.101353
0.048850	-0.101387
0.048860	-0.101420
0.048870	-0.101451
0.048880	-0.101482
0.048890	-0.101511
0.048900	-0.101539
0.048910	-0.101566
0.048920	-0.101591
0.048930	-0.101615
0.048940	-0.101638
0.048950	-0.101660
0.048960	-0.101680
0.048970	-0.101699
0.048980	-0.101717
0.048990	-0.101734
0.049000	-0.101749
0.049010	-0.101763
0.049020	-0.101776
0.049030	-0.101788
0.049040	-0.101798
0.049050	-0.101807
0.049060	-0.101814
0.049070	-0.101820
0.049080	-0.101825
0.049090	-0.101829
0.049100	-0.101831
0.049110	-0.101832
0.049120	-0.101832
0.049130	-0.101831
0.049140	-0.101828
0.049150	-0.101823
0.049160	-0.101818
0.049170	-0.101811
0.049180	-0.101803
0.049190	-0.101793
0.049200	-0.101782
0.049210	-0.101770
0.049220	-0.101757
0.049230	-0.101742
0.049240	-0.101725
0.049250	-0.101708
0.049260	-0.101689
0.049270	-0.101668
0.049280	-0.101647
0.049290	-0.101624
0.049300	-0.101599
0.049310	-0.101574
0.049320	-0.101547
0.049330	-0.101518
0.049340	-0.101488
0.049350	-0.101457
0.049360	-0.101425
0.049370	-0.101391
0.049380	-0.101356
0.049390	-0.101319
0.049400	-0.101281
0.049410	-0.101242
0.049420	-0.101201
0.049430	-0.101159
0.049440	-0.101115
0.049450	-0.101070
0.049460	-0.101024
0.049470	-0.100977
0.049480	-0.100928
0.049490	-0.100877
0.049500	-0.100825
0.049510	-0.100772
0.049520	-0.100718
0.049530	-0.100662
0.049540	-0.100605
0.049550	-0.100546
0.049560	-0.100486
0.049570	-0.100425
0.049580	-0.100362
0.049590	-0.100298
0.049600	-0.100232
0.049610	-0.100165
0.049620	-0.100097
0.049630	-0.100027
0.049640	-0.099956
0.049650	-0.099884
0.049660	-0.099810
0.049670	-0.099735
0.049680	-0.099658
0.049690	-0.099580
0.049700	-0.099501
0.049710	-0.099420
0.049720	-0.099338
0.049730	-0.099254
0.049740	-0.099170
0.049750	-0.099083
0.049760	-0.098996
0.049770	-0.098907
0.049780	-0.098816
0.049790	-0.098725
0.049800	-0.098632
0.049810	-0.098537
0.049820	-0.098441
0.049830	-0.098344
0.049840	-0.098245
0.049850	-0.098145
0.049860	-0.098044
0.049870	-0.097941
0.049880	-0.097837
0.049890	-0.097732
0.049900	-0.097625
0.049910	-0.097517
0.049920	-0.097408
0.049930	-0.097297
0.049940	-0.097185
0.049950	-0.097071
0.049960	-0.096956
0.049970	-0.096840
0.049980	-0.096723
0.049990	-0.096604
0.050000	-0.096483
