0.000000	0.000000
0.000010	0.074922
0.000020	0.149686
0.000030	0.224293
0.000040	0.298740
0.000050	0.373028
0.000060	0.447154
0.000070	0.521119
0.000080	0.594922
0.000090	0.668561
0.000100	0.742035
0.000110	0.815345
0.000120	0.888488
0.000130	0.961464
0.000140	1.034272
0.000150	1.106912
0.000160	1.179381
0.000170	1.251681
0.000180	1.323809
0.000190	1.395765
0.000200	1.467548
0.000210	1.539158
0.000220	1.610592
0.000230	1.681851
0.000240	1.752934
0.000250	1.823840
0.000260	1.894568
0.000270	1.965118
0.000280	2.035487
0.000290	2.105677
0.000300	2.175685
0.000310	2.245512
0.000320	2.315156
0.000330	2.384617
0.000340	2.453893
0.000350	2.522985
0.000360	2.591891
0.000370	2.660611
0.000380	2.729143
0.000390	2.797488
0.000400	2.865644
0.000410	2.933610
0.000420	3.001387
0.000430	3.068973
0.000440	3.136367
0.000450	3.203569
0.000460	3.270578
0.000470	3.337394
0.000480	3.404015
0.000490	3.470441
0.000500	3.536672
0.000510	3.602707
0.000520	3.668544
0.000530	3.734184
0.000540	3.799625
0.000550	3.864868
0.000560	3.929911
0.000570	3.994754
0.000580	4.059396
0.000590	4.123836
0.000600	4.188074
0.000610	4.252110
0.000620	4.315942
0.000630	4.379570
0.000640	4.442994
0.000650	4.506213
0.000660	4.569226
0.000670	4.632032
0.000680	4.694632
0.000690	4.757024
0.000700	4.819209
0.000710	4.881185
0.000720	4.942951
0.000730	5.004508
0.000740	5.065855
0.000750	5.126991
0.000760	5.187916
0.000770	5.248629
0.000780	5.309130
0.000790	5.369418
0.000800	5.429492
0.000810	5.489353
0.000820	5.549000
0.000830	5.608431
0.000840	5.667648
0.000850	5.726649
0.000860	5.785433
0.000870	5.844001
0.000880	5.902351
0.000890	5.960484
0.000900	6.018399
0.000910	6.076096
0.000920	6.133574
0.000930	6.190832
0.000940	6.247871
0.000950	6.304689
0.000960	6.361287
0.000970	6.417663
0.000980	6.473819
0.000990	6.529753
0.001000	6.585464
0.001010	6.640953
0.001020	6.696219
0.001030	6.751262
0.001040	6.806081
0.001050	6.860676
0.001060	6.915047
0.001070	6.969193
0.001080	7.023114
0.001090	7.076810
0.001100	7.130280
0.001110	7.183524
0.001120	7.236542
0.001130	7.289333
0.001140	7.341897
0.001150	7.394234
0.001160	7.446344
0.001170	7.498226
0.001180	7.549879
0.001190	7.601305
0.001200	7.652501
0.001210	7.703469
0.001220	7.754208
0.001230	7.804718
0.001240	7.854998
0.001250	7.905048
0.001260	7.954868
0.001270	8.004458
0.001280	8.053817
0.001290	8.102945
0.001300	8.151843
0.001310	8.200510
0.001320	8.248945
0.001330	8.297149
0.001340	8.345121
0.001350	8.392861
0.001360	8.440370
0.001370	8.487646
0.001380	8.534690
0.001390	8.581501
0.001400	8.628080
0.001410	8.674426
0.001420	8.720540
0.001430	8.766420
0.001440	8.812067
0.001450	8.857481
0.001460	8.902661
0.001470	8.947608
0.001480	8.992322
0.001490	9.036802
0.001500	9.081048
0.001510	9.125061
0.001520	9.168839
0.001530	9.212384
0.001540	9.255694
0.001550	9.298771
0.001560	9.341614
0.001570	9.384222
0.001580	9.426596
0.001590	9.468736
0.001600	9.510642
0.001610	9.552313
0.001620	9.593751
0.001630	9.634954
0.001640	9.675922
0.001650	9.716657
0.001660	9.757157
0.001670	9.797423
0.001680	9.837455
0.001690	9.877252
0.001700	9.916816
0.001710	9.956145
0.001720	9.995240
0.001730	10.034101
0.001740	10.072728
0.001750	10.111121
0.001760	10.149281
0.001770	10.187206
0.001780	10.224898
0.001790	10.262357
0.001800	10.299581
0.001810	10.336573
0.001820	10.373330
0.001830	10.409855
0.001840	10.446147
0.001850	10.482205
0.001860	10.518031
0.001870	10.553624
0.001880	10.588984
0.001890	10.624112
0.001900	10.659008
0.001910	10.693671
0.001920	10.728102
0.001930	10.762302
0.001940	10.796269
0.001950	10.830005
0.001960	10.863510
0.001970	10.896784
0.001980	10.929826
0.001990	10.962638
0.002000	10.995219
0.002010	11.027570
0.002020	11.059690
0.002030	11.091581
0.002040	11.123242
0.002050	11.154673
0.002060	11.185875
0.002070	11.216848
0.002080	11.247592
0.002090	11.278107
0.002100	11.308394
0.002110	11.338453
0.002120	11.368284
0.002130	11.397888
0.002140	11.427264
0.002150	11.456413
0.002160	11.485336
0.002170	11.514032
0.002180	11.542501
0.002190	11.570745
0.002200	11.598764
0.002210	11.626557
0.002220	11.654125
0.002230	11.681468
0.002240	11.708587
0.002250	11.735482
0.002260	11.762153
0.002270	11.788601
0.002280	11.814826
0.002290	11.840828
0.002300	11.866608
0.002310	11.892166
0.002320	11.917502
0.002330	11.942617
0.002340	11.967511
0.002350	11.992185
0.002360	12.016638
0.002370	12.040872
0.002380	12.064886
0.002390	12.088681
0.002400	12.112257
0.002410	12.135615
0.002420	12.158756
0.002430	12.181679
0.002440	12.204385
0.002450	12.226874
0.002460	12.249147
0.002470	12.271205
0.002480	12.293047
0.002490	12.314674
0.002500	12.336087
0.002510	12.357285
0.002520	12.378270
0.002530	12.399042
0.002540	12.419602
0.002550	12.439949
0.002560	12.460084
0.002570	12.480008
0.002580	12.499721
0.002590	12.519223
0.002600	12.538516
0.002610	12.557599
0.002620	12.576474
0.002630	12.595140
0.002640	12.613598
0.002650	12.631848
0.002660	12.649892
0.002670	12.667729
0.002680	12.685360
0.002690	12.702785
0.002700	12.720006
0.002710	12.737022
0.002720	12.753835
0.002730	12.770444
0.002740	12.786850
0.002750	12.803054
0.002760	12.819056
0.002770	12.834856
0.002780	12.850457
0.002790	12.865856
0.002800	12.881057
0.002810	12.896058
0.002820	12.910861
0.002830	12.925466
0.002840	12.939873
0.002850	12.954084
0.002860	12.968098
0.002870	12.981917
0.002880	12.995540
0.002890	13.008969
0.002900	13.022204
0.002910	13.035246
0.002920	13.048095
0.002930	13.060752
0.002940	13.073217
0.002950	13.085491
0.002960	13.097575
0.002970	13.109469
0.002980	13.121174
0.002990	13.132690
0.003000	13.144018
0.003010	13.155159
0.003020	13.166114
0.003030	13.176882
0.003040	13.187464
0.003050	13.197862
0.003060	13.208075
0.003070	13.218105
0.003080	13.227952
0.003090	13.237617
0.003100	13.247100
0.003110	13.256401
0.003120	13.265523
0.003130	13.274464
0.003140	13.283227
0.003150	13.291811
0.003160	13.300217
0.003170	13.308446
0.003180	13.316499
0.003190	13.324375
0.003200	13.332077
0.003210	13.339604
0.003220	13.346957
0.003230	13.354136
0.003240	13.361144
0.003250	13.367979
0.003260	13.374644
0.003270	13.381138
0.003280	13.387462
0.003290	13.393616
0.003300	13.399603
0.003310	13.405421
0.003320	13.411073
0.003330	13.416558
0.003340	13.421878
0.003350	13.427032
0.003360	13.432022
0.003370	13.436849
0.003380	13.441513
0.003390	13.446014
0.003400	13.450354
0.003410	13.454533
0.003420	13.458552
0.003430	13.462412
0.003440	13.466113
0.003450	13.469655
0.003460	13.473041
0.003470	13.476270
0.003480	13.479343
0.003490	13.482261
0.003500	13.485025
0.003510	13.487635
0.003520	13.490092
0.003530	13.492397
0.003540	13.494550
0.003550	13.496552
0.003560	13.498404
0.003570	13.500107
0.003580	13.501662
0.003590	13.503068
0.003600	13.504327
0.003610	13.505440
0.003620	13.506407
0.003630	13.507229
0.003640	13.507907
0.003650	13.508441
0.003660	13.508832
0.003670	13.509082
0.003680	13.509190
0.003690	13.509157
0.003700	13.508985
0.003710	13.508673
0.003720	13.508223
0.003730	13.507636
0.003740	13.506912
0.003750	13.506051
0.003760	13.505055
0.003770	13.503925
0.003780	13.502660
0.003790	13.501263
0.003800	13.499733
0.003810	13.498071
0.003820	13.496279
0.003830	13.494356
0.003840	13.492304
0.003850	13.490123
0.003860	13.487814
0.003870	13.485378
0.003880	13.482815
0.003890	13.480127
0.003900	13.477314
0.003910	13.474377
0.003920	13.471316
0.003930	13.468132
0.003940	13.464827
0.003950	13.461400
0.003960	13.457853
0.003970	13.454186
0.003980	13.450401
0.003990	13.446497
0.004000	13.442475
0.004010	13.438337
0.004020	13.434083
0.004030	13.429714
0.004040	13.425230
0.004050	13.420632
0.004060	13.415922
0.004070	13.411099
0.004080	13.406165
0.004090	13.401120
0.004100	13.395965
0.004110	13.390701
0.004120	13.385329
0.004130	13.379848
0.004140	13.374261
0.004150	13.368568
0.004160	13.362769
0.004170	13.356865
0.004180	13.350857
0.004190	13.344746
0.004200	13.338533
0.004210	13.332217
0.004220	13.325801
0.004230	13.319284
0.004240	13.312668
0.004250	13.305953
0.004260	13.299140
0.004270	13.292229
0.004280	13.285222
0.004290	13.278119
0.004300	13.270921
0.004310	13.263629
0.004320	13.256243
0.004330	13.248764
0.004340	13.241193
0.004350	13.233530
0.004360	13.225777
0.004370	13.217933
0.004380	13.210001
0.004390	13.201979
0.004400	13.193870
0.004410	13.185674
0.004420	13.177392
0.004430	13.169024
0.004440	13.160570
0.004450	13.152033
0.004460	13.143412
0.004470	13.134709
0.004480	13.125923
0.004490	13.117057
0.004500	13.108109
0.004510	13.099082
0.004520	13.089975
0.004530	13.080790
0.004540	13.071527
0.004550	13.062187
0.004560	13.052771
0.004570	13.043279
0.004580	13.033712
0.004590	13.024071
0.004600	13.014356
0.004610	13.004569
0.004620	12.994709
0.004630	12.984778
0.004640	12.974776
0.004650	12.964704
0.004660	12.954563
0.004670	12.944353
0.004680	12.934075
0.004690	12.923730
0.004700	12.913318
0.004710	12.902840
0.004720	12.892297
0.004730	12.881689
0.004740	12.871018
0.004750	12.860283
0.004760	12.849485
0.004770	12.838626
0.004780	12.827705
0.004790	12.816724
0.004800	12.805683
0.004810	12.794583
0.004820	12.783425
0.004830	12.772208
0.004840	12.760934
0.004850	12.749604
0.004860	12.738217
0.004870	12.726776
0.004880	12.715279
0.004890	12.703729
0.004900	12.692126
0.004910	12.680469
0.004920	12.668761
0.004930	12.657001
0.004940	12.645191
0.004950	12.633330
0.004960	12.621420
0.004970	12.609461
0.004980	12.597454
0.004990	12.585399
0.005000	12.573297
0.005010	12.561149
0.005020	12.548955
0.005030	12.536716
0.005040	12.524432
0.005050	12.512105
0.005060	12.499734
0.005070	12.487321
0.005080	12.474865
0.005090	12.462368
0.005100	12.449830
0.005110	12.437252
0.005120	12.424634
0.005130	12.411977
0.005140	12.399282
0.005150	12.386548
0.005160	12.373778
0.005170	12.360970
0.005180	12.348126
0.005190	12.335247
0.005200	12.322333
0.005210	12.309384
0.005220	12.296402
0.005230	12.283386
0.005240	12.270338
0.005250	12.257257
0.005260	12.244145
0.005270	12.231001
0.005280	12.217827
0.005290	12.204624
0.005300	12.191390
0.005310	12.178128
0.005320	12.164838
0.005330	12.151520
0.005340	12.138174
0.005350	12.124802
0.005360	12.111404
0.005370	12.097980
0.005380	12.084531
0.005390	12.071058
0.005400	12.057560
0.005410	12.044039
0.005420	12.030495
0.005430	12.016929
0.005440	12.003340
0.005450	11.989730
0.005460	11.976099
0.005470	11.962447
0.005480	11.948776
0.005490	11.935085
0.005500	11.921375
0.005510	11.907646
0.005520	11.893900
0.005530	11.880136
0.005540	11.866354
0.005550	11.852557
0.005560	11.838743
0.005570	11.824914
0.005580	11.811069
0.005590	11.797210
0.005600	11.783336
0.005610	11.769449
0.005620	11.755549
0.005630	11.741635
0.005640	11.727709
0.005650	11.713772
0.005660	11.699823
0.005670	11.685862
0.005680	11.671891
0.005690	11.657910
0.005700	11.643920
0.005710	11.629919
0.005720	11.615910
0.005730	11.601893
0.005740	11.587867
0.005750	11.573834
0.005760	11.559794
0.005770	11.545747
0.005780	11.531693
0.005790	11.517634
0.005800	11.503568
0.005810	11.489498
0.005820	11.475423
0.005830	11.461344
0.005840	11.447260
0.005850	11.433173
0.005860	11.419083
0.005870	11.404989
0.005880	11.390894
0.005890	11.376796
0.005900	11.362697
0.005910	11.348596
0.005920	11.334494
0.005930	11.320392
0.005940	11.306289
0.005950	11.292186
0.005960	11.278084
0.005970	11.263983
0.005980	11.249883
0.005990	11.235784
0.006000	11.221687
0.006010	11.207592
0.006020	11.193500
0.006030	11.179410
0.006040	11.165324
0.006050	11.151241
0.006060	11.137162
0.006070	11.123087
0.006080	11.109017
0.006090	11.094951
0.006100	11.080890
0.006110	11.066835
0.006120	11.052785
0.006130	11.038741
0.006140	11.024704
0.006150	11.010673
0.006160	10.996649
0.006170	10.982632
0.006180	10.968622
0.006190	10.954620
0.006200	10.940626
0.006210	10.926640
0.006220	10.912663
0.006230	10.898695
0.006240	10.884735
0.006250	10.870785
0.006260	10.856844
0.006270	10.842914
0.006280	10.828993
0.006290	10.815082
0.006300	10.801183
0.006310	10.787293
0.006320	10.773415
0.006330	10.759549
0.006340	10.745693
0.006350	10.731850
0.006360	10.718018
0.006370	10.704199
0.006380	10.690392
0.006390	10.676597
0.006400	10.662816
0.006410	10.649047
0.006420	10.635292
0.006430	10.621550
0.006440	10.607822
0.006450	10.594108
0.006460	10.580408
0.006470	10.566722
0.006480	10.553050
0.006490	10.539393
0.006500	10.525751
0.006510	10.512124
0.006520	10.498512
0.006530	10.484915
0.006540	10.471334
0.006550	10.457769
0.006560	10.444219
0.006570	10.430685
0.006580	10.417168
0.006590	10.403666
0.006600	10.390182
0.006610	10.376714
0.006620	10.363262
0.006630	10.349828
0.006640	10.336410
0.006650	10.323010
0.006660	10.309627
0.006670	10.296262
0.006680	10.282914
0.006690	10.269584
0.006700	10.256271
0.006710	10.242977
0.006720	10.229700
0.006730	10.216442
0.006740	10.203202
0.006750	10.189981
0.006760	10.176778
0.006770	10.163593
0.006780	10.150428
0.006790	10.137281
0.006800	10.124153
0.006810	10.111044
0.006820	10.097954
0.006830	10.084883
0.006840	10.071831
0.006850	10.058799
0.006860	10.045786
0.006870	10.032793
0.006880	10.019819
0.006890	10.006865
0.006900	9.993930
0.006910	9.981016
0.006920	9.968120
0.006930	9.955245
0.006940	9.942390
0.006950	9.929555
0.006960	9.916739
0.006970	9.903944
0.006980	9.891169
0.006990	9.878414
0.007000	9.865679
0.007010	9.852965
0.007020	9.840270
0.007030	9.827596
0.007040	9.814943
0.007050	9.802309
0.007060	9.789696
0.007070	9.777103
0.007080	9.764531
0.007090	9.751979
0.007100	9.739448
0.007110	9.726937
0.007120	9.714446
0.007130	9.701976
0.007140	9.689526
0.007150	9.677097
0.007160	9.664688
0.007170	9.652300
0.007180	9.639932
0.007190	9.627584
0.007200	9.615257
0.007210	9.602950
0.007220	9.590664
0.007230	9.578398
0.007240	9.566152
0.007250	9.553926
0.007260	9.541721
0.007270	9.529536
0.007280	9.517371
0.007290	9.505227
0.007300	9.493103
0.007310	9.480998
0.007320	9.468914
0.007330	9.456850
0.007340	9.444805
0.007350	9.432781
0.007360	9.420777
0.007370	9.408792
0.007380	9.396827
0.007390	9.384882
0.007400	9.372956
0.007410	9.361051
0.007420	9.349164
0.007430	9.337297
0.007440	9.325450
0.007450	9.313621
0.007460	9.301812
0.007470	9.290022
0.007480	9.278252
0.007490	9.266500
0.007500	9.254767
0.007510	9.243053
0.007520	9.231358
0.007530	9.219682
0.007540	9.208024
0.007550	9.196385
0.007560	9.184764
0.007570	9.173161
0.007580	9.161577
0.007590	9.150010
0.007600	9.138462
0.007610	9.126932
0.007620	9.115419
0.007630	9.103924
0.007640	9.092447
0.007650	9.080987
0.007660	9.069545
0.007670	9.058120
0.007680	9.046712
0.007690	9.035321
0.007700	9.023947
0.007710	9.012590
0.007720	9.001250
0.007730	8.989926
0.007740	8.978618
0.007750	8.967327
0.007760	8.956052
0.007770	8.944793
0.007780	8.933550
0.007790	8.922323
0.007800	8.911111
0.007810	8.899915
0.007820	8.888734
0.007830	8.877569
0.007840	8.866418
0.007850	8.855283
0.007860	8.844162
0.007870	8.833056
0.007880	8.821965
0.007890	8.810887
0.007900	8.799824
0.007910	8.788775
0.007920	8.777740
0.007930	8.766719
0.007940	8.755711
0.007950	8.744717
0.007960	8.733736
0.007970	8.722768
0.007980	8.711813
0.007990	8.700871
0.008000	8.689942
0.008010	8.679025
0.008020	8.668120
0.008030	8.657227
0.008040	8.646346
0.008050	8.635478
0.008060	8.624620
0.008070	8.613774
0.008080	8.602940
0.008090	8.592116
0.008100	8.581304
0.008110	8.570502
0.008120	8.559711
0.008130	8.548930
0.008140	8.538159
0.008150	8.527398
0.008160	8.516647
0.008170	8.505906
0.008180	8.495174
0.008190	8.484452
0.008200	8.473739
0.008210	8.463034
0.008220	8.452338
0.008230	8.441651
0.008240	8.430972
0.008250	8.420302
0.008260	8.409639
0.008270	8.398984
0.008280	8.388336
0.008290	8.377696
0.008300	8.367063
0.008310	8.356437
0.008320	8.345818
0.008330	8.335206
0.008340	8.324600
0.008350	8.314000
0.008360	8.303406
0.008370	8.292817
0.008380	8.282235
0.008390	8.271658
0.008400	8.261086
0.008410	8.250519
0.008420	8.239956
0.008430	8.229399
0.008440	8.218845
0.008450	8.208296
0.008460	8.197751
0.008470	8.187209
0.008480	8.176671
0.008490	8.166137
0.008500	8.155605
0.008510	8.145077
0.008520	8.134551
0.008530	8.124028
0.008540	8.113506
0.008550	8.102987
0.008560	8.092470
0.008570	8.081955
0.008580	8.071441
0.008590	8.060928
0.008600	8.050416
0.008610	8.039905
0.008620	8.029395
0.008630	8.018885
0.008640	8.008375
0.008650	7.997865
0.008660	7.987355
0.008670	7.976844
0.008680	7.966333
0.008690	7.955821
0.008700	7.945307
0.008710	7.934793
0.008720	7.924277
0.008730	7.913759
0.008740	7.903239
0.008750	7.892717
0.008760	7.882192
0.008770	7.871665
0.008780	7.861135
0.008790	7.850602
0.008800	7.840065
0.008810	7.829525
0.008820	7.818982
0.008830	7.808434
0.008840	7.797883
0.008850	7.787327
0.008860	7.776766
0.008870	7.766201
0.008880	7.755631
0.008890	7.745055
0.008900	7.734474
0.008910	7.723888
0.008920	7.713295
0.008930	7.702697
0.008940	7.692092
0.008950	7.681481
0.008960	7.670863
0.008970	7.660238
0.008980	7.649606
0.008990	7.638966
0.009000	7.628319
0.009010	7.617665
0.009020	7.607002
0.009030	7.596331
0.009040	7.585652
0.009050	7.574964
0.009060	7.564267
0.009070	7.553561
0.009080	7.542846
0.009090	7.532121
0.009100	7.521387
0.009110	7.510643
0.009120	7.499889
0.009130	7.489124
0.009140	7.478349
0.009150	7.467563
0.009160	7.456766
0.009170	7.445959
0.009180	7.435139
0.009190	7.424309
0.009200	7.413466
0.009210	7.402612
0.009220	7.391745
0.009230	7.380866
0.009240	7.369975
0.009250	7.359071
0.009260	7.348153
0.009270	7.337223
0.009280	7.326279
0.009290	7.315322
0.009300	7.304351
0.009310	7.293366
0.009320	7.282367
0.009330	7.271353
0.009340	7.260325
0.009350	7.249282
0.009360	7.238225
0.009370	7.227152
0.009380	7.216064
0.009390	7.204960
0.009400	7.193840
0.009410	7.182705
0.009420	7.171554
0.009430	7.160386
0.009440	7.149202
0.009450	7.138001
0.009460	7.126784
0.009470	7.115549
0.009480	7.104297
0.009490	7.093028
0.009500	7.081741
0.009510	7.070437
0.009520	7.059114
0.009530	7.047773
0.009540	7.036415
0.009550	7.025037
0.009560	7.013641
0.009570	7.002226
0.009580	6.990793
0.009590	6.979340
0.009600	6.967867
0.009610	6.956375
0.009620	6.944864
0.009630	6.933333
0.009640	6.921781
0.009650	6.910210
0.009660	6.898618
0.009670	6.887005
0.009680	6.875372
0.009690	6.863718
0.009700	6.852043
0.009710	6.840347
0.009720	6.828629
0.009730	6.816890
0.009740	6.805129
0.009750	6.793347
0.009760	6.781542
0.009770	6.769716
0.009780	6.757867
0.009790	6.745996
0.009800	6.734102
0.009810	6.722185
0.009820	6.710246
0.009830	6.698283
0.009840	6.686298
0.009850	6.674289
0.009860	6.662256
0.009870	6.650200
0.009880	6.638121
0.009890	6.626017
0.009900	6.613889
0.009910	6.601738
0.009920	6.589562
0.009930	6.577361
0.009940	6.565136
0.009950	6.552887
0.009960	6.540612
0.009970	6.528313
0.009980	6.515988
0.009990	6.503638
0.010000	6.491263
0.010010	6.478863
0.010020	6.466437
0.010030	6.453985
0.010040	6.441508
0.010050	6.429005
0.010060	6.416475
0.010070	6.403919
0.010080	6.391338
0.010090	6.378729
0.010100	6.366095
0.010110	6.353433
0.010120	6.340745
0.010130	6.328031
0.010140	6.315289
0.010150	6.302520
0.010160	6.289724
0.010170	6.276901
0.010180	6.264051
0.010190	6.251173
0.010200	6.238267
0.010210	6.225334
0.010220	6.212374
0.010230	6.199385
0.010240	6.186369
0.010250	6.173325
0.010260	6.160252
0.010270	6.147152
0.010280	6.134023
0.010290	6.120866
0.010300	6.107681
0.010310	6.094467
0.010320	6.081224
0.010330	6.067953
0.010340	6.054653
0.010350	6.041325
0.010360	6.027968
0.010370	6.014581
0.010380	6.001166
0.010390	5.987722
0.010400	5.974248
0.010410	5.960746
0.010420	5.947214
0.010430	5.933653
0.010440	5.920062
0.010450	5.906442
0.010460	5.892793
0.010470	5.879114
0.010480	5.865406
0.010490	5.851668
0.010500	5.837900
0.010510	5.824102
0.010520	5.810275
0.010530	5.796418
0.010540	5.782531
0.010550	5.768614
0.010560	5.754667
0.010570	5.740691
0.010580	5.726684
0.010590	5.712647
0.010600	5.698580
0.010610	5.684483
0.010620	5.670356
0.010630	5.656199
0.010640	5.642012
0.010650	5.627794
0.010660	5.613546
0.010670	5.599268
0.010680	5.584960
0.010690	5.570621
0.010700	5.556252
0.010710	5.541852
0.010720	5.527423
0.010730	5.512963
0.010740	5.498472
0.010750	5.483952
0.010760	5.469400
0.010770	5.454819
0.010780	5.440207
0.010790	5.425565
0.010800	5.410892
0.010810	5.396189
0.010820	5.381456
0.010830	5.366692
0.010840	5.351898
0.010850	5.337073
0.010860	5.322218
0.010870	5.307333
0.010880	5.292418
0.010890	5.277472
0.010900	5.262496
0.010910	5.247489
0.010920	5.232453
0.010930	5.217386
0.010940	5.202289
0.010950	5.187162
0.010960	5.172004
0.010970	5.156817
0.010980	5.141599
0.010990	5.126351
0.011000	5.111074
0.011010	5.095766
0.011020	5.080429
0.011030	5.065061
0.011040	5.049664
0.011050	5.034236
0.011060	5.018779
0.011070	5.003293
0.011080	4.987776
0.011090	4.972230
0.011100	4.956654
0.011110	4.941049
0.011120	4.925415
0.011130	4.909750
0.011140	4.894057
0.011150	4.878334
0.011160	4.862582
0.011170	4.846801
0.011180	4.830990
0.011190	4.815151
0.011200	4.799282
0.011210	4.783385
0.011220	4.767458
0.011230	4.751503
0.011240	4.735519
0.011250	4.719507
0.011260	4.703466
0.011270	4.687396
0.011280	4.671298
0.011290	4.655172
0.011300	4.639017
0.011310	4.622834
0.011320	4.606623
0.011330	4.590385
0.011340	4.574118
0.011350	4.557823
0.011360	4.541501
0.011370	4.525151
0.011380	4.508774
0.011390	4.492369
0.011400	4.475936
0.011410	4.459477
0.011420	4.442990
0.011430	4.426477
0.011440	4.409936
0.011450	4.393368
0.011460	4.376774
0.011470	4.360153
0.011480	4.343506
0.011490	4.326832
0.011500	4.310132
0.011510	4.293406
0.011520	4.276654
0.011530	4.259876
0.011540	4.243072
0.011550	4.226242
0.011560	4.209387
0.011570	4.192507
0.011580	4.175601
0.011590	4.158669
0.011600	4.141713
0.011610	4.124732
0.011620	4.107726
0.011630	4.090695
0.011640	4.073640
0.011650	4.056560
0.011660	4.039456
0.011670	4.022328
0.011680	4.005176
0.011690	3.988001
0.011700	3.970801
0.011710	3.953578
0.011720	3.936331
0.011730	3.919061
0.011740	3.901768
0.011750	3.884452
0.011760	3.867113
0.011770	3.849752
0.011780	3.832368
0.011790	3.814961
0.011800	3.797533
0.011810	3.780082
0.011820	3.762610
0.011830	3.745115
0.011840	3.727599
0.011850	3.710062
0.011860	3.692503
0.011870	3.674924
0.011880	3.657323
0.011890	3.639701
0.011900	3.622059
0.011910	3.604397
0.011920	3.586714
0.011930	3.569012
0.011940	3.551289
0.011950	3.533546
0.011960	3.515784
0.011970	3.498003
0.011980	3.480203
0.011990	3.462383
0.012000	3.444544
0.012010	3.426687
0.012020	3.408812
0.012030	3.390918
0.012040	3.373006
0.012050	3.355076
0.012060	3.337128
0.012070	3.319163
0.012080	3.301180
0.012090	3.283181
0.012100	3.265164
0.012110	3.247130
0.012120	3.229080
0.012130	3.211014
0.012140	3.192931
0.012150	3.174832
0.012160	3.156718
0.012170	3.138588
0.012180	3.120442
0.012190	3.102281
0.012200	3.084105
0.012210	3.065915
0.012220	3.047710
0.012230	3.029490
0.012240	3.011256
0.012250	2.993008
0.012260	2.974747
0.012270	2.956472
0.012280	2.938183
0.012290	2.919882
0.012300	2.901567
0.012310	2.883240
0.012320	2.864900
0.012330	2.846548
0.012340	2.828184
0.012350	2.809808
0.012360	2.791420
0.012370	2.773021
0.012380	2.754611
0.012390	2.736190
0.012400	2.717758
0.012410	2.699315
0.012420	2.680862
0.012430	2.662399
0.012440	2.643926
0.012450	2.625444
0.012460	2.606952
0.012470	2.588450
0.012480	2.569940
0.012490	2.551421
0.012500	2.532894
0.012510	2.514358
0.012520	2.495814
0.012530	2.477263
0.012540	2.458704
0.012550	2.440137
0.012560	2.421563
0.012570	2.402983
0.012580	2.384395
0.012590	2.365802
0.012600	2.347202
0.012610	2.328596
0.012620	2.309984
0.012630	2.291367
0.012640	2.272745
0.012650	2.254117
0.012660	2.235485
0.012670	2.216849
0.012680	2.198208
0.012690	2.179563
0.012700	2.160914
0.012710	2.142261
0.012720	2.123606
0.012730	2.104947
0.012740	2.086285
0.012750	2.067621
0.012760	2.048954
0.012770	2.030285
0.012780	2.011615
0.012790	1.992943
0.012800	1.974269
0.012810	1.955594
0.012820	1.936919
0.012830	1.918242
0.012840	1.899566
0.012850	1.880889
0.012860	1.862212
0.012870	1.843536
0.012880	1.824860
0.012890	1.806185
0.012900	1.787511
0.012910	1.768839
0.012920	1.750168
0.012930	1.731499
0.012940	1.712832
0.012950	1.694168
0.012960	1.675506
0.012970	1.656847
0.012980	1.638191
0.012990	1.619539
0.013000	1.600890
0.013010	1.582245
0.013020	1.563604
0.013030	1.544968
0.013040	1.526336
0.013050	1.507709
0.013060	1.489087
0.013070	1.470470
0.013080	1.451860
0.013090	1.433255
0.013100	1.414656
0.013110	1.396064
0.013120	1.377478
0.013130	1.358900
0.013140	1.340328
0.013150	1.321764
0.013160	1.303208
0.013170	1.284659
0.013180	1.266119
0.013190	1.247587
0.013200	1.229064
0.013210	1.210550
0.013220	1.192046
0.013230	1.173550
0.013240	1.155065
0.013250	1.136589
0.013260	1.118124
0.013270	1.099669
0.013280	1.081225
0.013290	1.062792
0.013300	1.044370
0.013310	1.025960
0.013320	1.007562
0.013330	0.989175
0.013340	0.970801
0.013350	0.952440
0.013360	0.934091
0.013370	0.915755
0.013380	0.897433
0.013390	0.879124
0.013400	0.860829
0.013410	0.842549
0.013420	0.824282
0.013430	0.806030
0.013440	0.787793
0.013450	0.769571
0.013460	0.751365
0.013470	0.733174
0.013480	0.714999
0.013490	0.696840
0.013500	0.678697
0.013510	0.660571
0.013520	0.642462
0.013530	0.624370
0.013540	0.606295
0.013550	0.588238
0.013560	0.570199
0.013570	0.552178
0.013580	0.534176
0.013590	0.516192
0.013600	0.498227
0.013610	0.480281
0.013620	0.462355
0.013630	0.444448
0.013640	0.426561
0.013650	0.408694
0.013660	0.390847
0.013670	0.373021
0.013680	0.355216
0.013690	0.337433
0.013700	0.319670
0.013710	0.301929
0.013720	0.284210
0.013730	0.266513
0.013740	0.248839
0.013750	0.231187
0.013760	0.213557
0.013770	0.195951
0.013780	0.178369
0.013790	0.160809
0.013800	0.143274
0.013810	0.125763
0.013820	0.108275
0.013830	0.090813
0.013840	0.073375
0.013850	0.055962
0.013860	0.038575
0.013870	0.021213
0.013880	0.003876
0.013890	-0.013434
0.013900	-0.030718
0.013910	-0.047976
0.013920	-0.065207
0.013930	-0.082411
0.013940	-0.099588
0.013950	-0.116738
0.013960	-0.133860
0.013970	-0.150955
0.013980	-0.168021
0.013990	-0.185059
0.014000	-0.202068
0.014010	-0.219049
0.014020	-0.236001
0.014030	-0.252923
0.014040	-0.269816
0.014050	-0.286680
0.014060	-0.303513
0.014070	-0.320317
0.014080	-0.337090
0.014090	-0.353833
0.014100	-0.370544
0.014110	-0.387225
0.014120	-0.403875
0.014130	-0.420493
0.014140	-0.437080
0.014150	-0.453634
0.014160	-0.470157
0.014170	-0.486647
0.014180	-0.503105
0.014190	-0.519530
0.014200	-0.535922
0.014210	-0.552281
0.014220	-0.568606
0.014230	-0.584898
0.014240	-0.601156
0.014250	-0.617380
0.014260	-0.633570
0.014270	-0.649725
0.014280	-0.665846
0.014290	-0.681932
0.014300	-0.697983
0.014310	-0.713998
0.014320	-0.729978
0.014330	-0.745923
0.014340	-0.761831
0.014350	-0.777704
0.014360	-0.793540
0.014370	-0.809340
0.014380	-0.825103
0.014390	-0.840829
0.014400	-0.856518
0.014410	-0.872170
0.014420	-0.887785
0.014430	-0.903361
0.014440	-0.918900
0.014450	-0.934401
0.014460	-0.949864
0.014470	-0.965288
0.014480	-0.980674
0.014490	-0.996021
0.014500	-1.011329
0.014510	-1.026597
0.014520	-1.041827
0.014530	-1.057017
0.014540	-1.072167
0.014550	-1.087277
0.014560	-1.102347
0.014570	-1.117377
0.014580	-1.132366
0.014590	-1.147315
0.014600	-1.162223
0.014610	-1.177090
0.014620	-1.191916
0.014630	-1.206701
0.014640	-1.221444
0.014650	-1.236146
0.014660	-1.250805
0.014670	-1.265423
0.014680	-1.279999
0.014690	-1.294532
0.014700	-1.309022
0.014710	-1.323470
0.014720	-1.337876
0.014730	-1.352238
0.014740	-1.366557
0.014750	-1.380833
0.014760	-1.395065
0.014770	-1.409254
0.014780	-1.423399
0.014790	-1.437500
0.014800	-1.451557
0.014810	-1.465569
0.014820	-1.479537
0.014830	-1.493461
0.014840	-1.507340
0.014850	-1.521174
0.014860	-1.534964
0.014870	-1.548708
0.014880	-1.562407
0.014890	-1.576060
0.014900	-1.589668
0.014910	-1.603230
0.014920	-1.616746
0.014930	-1.630217
0.014940	-1.643641
0.014950	-1.657019
0.014960	-1.670350
0.014970	-1.683635
0.014980	-1.696874
0.014990	-1.710065
0.015000	-1.723210
0.015010	-1.736308
0.015020	-1.749358
0.015030	-1.762361
0.015040	-1.775317
0.015050	-1.788225
0.015060	-1.801086
0.015070	-1.813898
0.015080	-1.826663
0.015090	-1.839380
0.015100	-1.852049
0.015110	-1.864669
0.015120	-1.877241
0.015130	-1.889765
0.015140	-1.902240
0.015150	-1.914666
0.015160	-1.927043
0.015170	-1.939372
0.015180	-1.951651
0.015190	-1.963882
0.015200	-1.976063
0.015210	-1.988194
0.015220	-2.000277
0.015230	-2.012309
0.015240	-2.024293
0.015250	-2.036226
0.015260	-2.048109
0.015270	-2.059943
0.015280	-2.071726
0.015290	-2.083460
0.015300	-2.095143
0.015310	-2.106776
0.015320	-2.118358
0.015330	-2.129890
0.015340	-2.141371
0.015350	-2.152802
0.015360	-2.164182
0.015370	-2.175511
0.015380	-2.186789
0.015390	-2.198017
0.015400	-2.209193
0.015410	-2.220318
0.015420	-2.231392
0.015430	-2.242414
0.015440	-2.253385
0.015450	-2.264305
0.015460	-2.275173
0.015470	-2.285990
0.015480	-2.296755
0.015490	-2.307468
0.015500	-2.318130
0.015510	-2.328739
0.015520	-2.339297
0.015530	-2.349803
0.015540	-2.360257
0.015550	-2.370658
0.015560	-2.381008
0.015570	-2.391305
0.015580	-2.401551
0.015590	-2.411743
0.015600	-2.421884
0.015610	-2.431972
0.015620	-2.442008
0.015630	-2.451991
0.015640	-2.461921
0.015650	-2.471799
0.015660	-2.481625
0.015670	-2.491397
0.015680	-2.501117
0.015690	-2.510785
0.015700	-2.520399
0.015710	-2.529960
0.015720	-2.539469
0.015730	-2.548925
0.015740	-2.558328
0.015750	-2.567678
0.015760	-2.576975
0.015770	-2.586218
0.015780	-2.595409
0.015790	-2.604547
0.015800	-2.613631
0.015810	-2.622663
0.015820	-2.631641
0.015830	-2.640566
0.015840	-2.649438
0.015850	-2.658257
0.015860	-2.667022
0.015870	-2.675735
0.015880	-2.684394
0.015890	-2.692999
0.015900	-2.701552
0.015910	-2.710051
0.015920	-2.718496
0.015930	-2.726889
0.015940	-2.735228
0.015950	-2.743514
0.015960	-2.751746
0.015970	-2.759925
0.015980	-2.768051
0.015990	-2.776124
0.016000	-2.784143
0.016010	-2.792108
0.016020	-2.800021
0.016030	-2.807880
0.016040	-2.815685
0.016050	-2.823438
0.016060	-2.831137
0.016070	-2.838783
0.016080	-2.846375
0.016090	-2.853915
0.016100	-2.861400
0.016110	-2.868833
0.016120	-2.876213
0.016130	-2.883539
0.016140	-2.890812
0.016150	-2.898032
0.016160	-2.905199
0.016170	-2.912312
0.016180	-2.919373
0.016190	-2.926380
0.016200	-2.933334
0.016210	-2.940236
0.016220	-2.947084
0.016230	-2.953879
0.016240	-2.960622
0.016250	-2.967311
0.016260	-2.973948
0.016270	-2.980531
0.016280	-2.987062
0.016290	-2.993540
0.016300	-2.999966
0.016310	-3.006338
0.016320	-3.012658
0.016330	-3.018926
0.016340	-3.025141
0.016350	-3.031303
0.016360	-3.037413
0.016370	-3.043470
0.016380	-3.049475
0.016390	-3.055428
0.016400	-3.061328
0.016410	-3.067177
0.016420	-3.072973
0.016430	-3.078716
0.016440	-3.084408
0.016450	-3.090048
0.016460	-3.095636
0.016470	-3.101172
0.016480	-3.106656
0.016490	-3.112088
0.016500	-3.117468
0.016510	-3.122797
0.016520	-3.128074
0.016530	-3.133300
0.016540	-3.138474
0.016550	-3.143597
0.016560	-3.148669
0.016570	-3.153689
0.016580	-3.158658
0.016590	-3.163576
0.016600	-3.168443
0.016610	-3.173259
0.016620	-3.178024
0.016630	-3.182738
0.016640	-3.187401
0.016650	-3.192014
0.016660	-3.196576
0.016670	-3.201088
0.016680	-3.205549
0.016690	-3.209960
0.016700	-3.214320
0.016710	-3.218631
0.016720	-3.222891
0.016730	-3.227101
0.016740	-3.231262
0.016750	-3.235372
0.016760	-3.239433
0.016770	-3.243444
0.016780	-3.247406
0.016790	-3.251318
0.016800	-3.255181
0.016810	-3.258994
0.016820	-3.262758
0.016830	-3.266474
0.016840	-3.270140
0.016850	-3.273757
0.016860	-3.277325
0.016870	-3.280845
0.016880	-3.284316
0.016890	-3.287739
0.016900	-3.291113
0.016910	-3.294439
0.016920	-3.297717
0.016930	-3.300947
0.016940	-3.304128
0.016950	-3.307262
0.016960	-3.310348
0.016970	-3.313387
0.016980	-3.316378
0.016990	-3.319321
0.017000	-3.322218
0.017010	-3.325067
0.017020	-3.327868
0.017030	-3.330623
0.017040	-3.333331
0.017050	-3.335993
0.017060	-3.338607
0.017070	-3.341176
0.017080	-3.343697
0.017090	-3.346173
0.017100	-3.348602
0.017110	-3.350986
0.017120	-3.353323
0.017130	-3.355615
0.017140	-3.357861
0.017150	-3.360061
0.017160	-3.362216
0.017170	-3.364326
0.017180	-3.366391
0.017190	-3.368410
0.017200	-3.370385
0.017210	-3.372315
0.017220	-3.374200
0.017230	-3.376041
0.017240	-3.377837
0.017250	-3.379589
0.017260	-3.381297
0.017270	-3.382961
0.017280	-3.384582
0.017290	-3.386158
0.017300	-3.387691
0.017310	-3.389180
0.017320	-3.390627
0.017330	-3.392030
0.017340	-3.393390
0.017350	-3.394707
0.017360	-3.395981
0.017370	-3.397213
0.017380	-3.398402
0.017390	-3.399549
0.017400	-3.400654
0.017410	-3.401716
0.017420	-3.402737
0.017430	-3.403716
0.017440	-3.404654
0.017450	-3.405550
0.017460	-3.406404
0.017470	-3.407218
0.017480	-3.407990
0.017490	-3.408722
0.017500	-3.409413
0.017510	-3.410063
0.017520	-3.410673
0.017530	-3.411243
0.017540	-3.411772
0.017550	-3.412262
0.017560	-3.412711
0.017570	-3.413121
0.017580	-3.413492
0.017590	-3.413823
0.017600	-3.414115
0.017610	-3.414368
0.017620	-3.414582
0.017630	-3.414757
0.017640	-3.414894
0.017650	-3.414992
0.017660	-3.415052
0.017670	-3.415074
0.017680	-3.415058
0.017690	-3.415004
0.017700	-3.414912
0.017710	-3.414783
0.017720	-3.414617
0.017730	-3.414413
0.017740	-3.414172
0.017750	-3.413895
0.017760	-3.413581
0.017770	-3.413230
0.017780	-3.412843
0.017790	-3.412420
0.017800	-3.411961
0.017810	-3.411466
0.017820	-3.410935
0.017830	-3.410369
0.017840	-3.409767
0.017850	-3.409130
0.017860	-3.408458
0.017870	-3.407751
0.017880	-3.407010
0.017890	-3.406234
0.017900	-3.405423
0.017910	-3.404578
0.017920	-3.403700
0.017930	-3.402787
0.017940	-3.401840
0.017950	-3.400861
0.017960	-3.399847
0.017970	-3.398801
0.017980	-3.397721
0.017990	-3.396609
0.018000	-3.395463
0.018010	-3.394286
0.018020	-3.393076
0.018030	-3.391833
0.018040	-3.390559
0.018050	-3.389253
0.018060	-3.387915
0.018070	-3.386546
0.018080	-3.385145
0.018090	-3.383713
0.018100	-3.382250
0.018110	-3.380757
0.018120	-3.379232
0.018130	-3.377677
0.018140	-3.376092
0.018150	-3.374477
0.018160	-3.372831
0.018170	-3.371156
0.018180	-3.369452
0.018190	-3.367717
0.018200	-3.365954
0.018210	-3.364161
0.018220	-3.362340
0.018230	-3.360490
0.018240	-3.358611
0.018250	-3.356703
0.018260	-3.354768
0.018270	-3.352804
0.018280	-3.350813
0.018290	-3.348794
0.018300	-3.346747
0.018310	-3.344673
0.018320	-3.342571
0.018330	-3.340443
0.018340	-3.338288
0.018350	-3.336106
0.018360	-3.333897
0.018370	-3.331663
0.018380	-3.329402
0.018390	-3.327115
0.018400	-3.324802
0.018410	-3.322464
0.018420	-3.320100
0.018430	-3.317711
0.018440	-3.315297
0.018450	-3.312857
0.018460	-3.310394
0.018470	-3.307905
0.018480	-3.305392
0.018490	-3.302855
0.018500	-3.300294
0.018510	-3.297709
0.018520	-3.295100
0.018530	-3.292467
0.018540	-3.289812
0.018550	-3.287133
0.018560	-3.284430
0.018570	-3.281706
0.018580	-3.278958
0.018590	-3.276188
0.018600	-3.273396
0.018610	-3.270581
0.018620	-3.267744
0.018630	-3.264886
0.018640	-3.262006
0.018650	-3.259104
0.018660	-3.256181
0.018670	-3.253237
0.018680	-3.250272
0.018690	-3.247287
0.018700	-3.244280
0.018710	-3.241254
0.018720	-3.238206
0.018730	-3.235139
0.018740	-3.232052
0.018750	-3.228945
0.018760	-3.225819
0.018770	-3.222673
0.018780	-3.219508
0.018790	-3.216323
0.018800	-3.213120
0.018810	-3.209898
0.018820	-3.206658
0.018830	-3.203399
0.018840	-3.200121
0.018850	-3.196826
0.018860	-3.193513
0.018870	-3.190182
0.018880	-3.186833
0.018890	-3.183467
0.018900	-3.180084
0.018910	-3.176684
0.018920	-3.173267
0.018930	-3.169833
0.018940	-3.166382
0.018950	-3.162916
0.018960	-3.159432
0.018970	-3.155933
0.018980	-3.152418
0.018990	-3.148887
0.019000	-3.145341
0.019010	-3.141779
0.019020	-3.138201
0.019030	-3.134609
0.019040	-3.131002
0.019050	-3.127380
0.019060	-3.123743
0.019070	-3.120092
0.019080	-3.116426
0.019090	-3.112747
0.019100	-3.109053
0.019110	-3.105346
0.019120	-3.101625
0.019130	-3.097890
0.019140	-3.094142
0.019150	-3.090381
0.019160	-3.086607
0.019170	-3.082820
0.019180	-3.079021
0.019190	-3.075208
0.019200	-3.071384
0.019210	-3.067547
0.019220	-3.063698
0.019230	-3.059837
0.019240	-3.055964
0.019250	-3.052080
0.019260	-3.048184
0.019270	-3.044277
0.019280	-3.040358
0.019290	-3.036429
0.019300	-3.032489
0.019310	-3.028538
0.019320	-3.024576
0.019330	-3.020604
0.019340	-3.016622
0.019350	-3.012629
0.019360	-3.008627
0.019370	-3.004615
0.019380	-3.000593
0.019390	-2.996562
0.019400	-2.992521
0.019410	-2.988471
0.019420	-2.984412
0.019430	-2.980344
0.019440	-2.976267
0.019450	-2.972181
0.019460	-2.968087
0.019470	-2.963985
0.019480	-2.959874
0.019490	-2.955755
0.019500	-2.951629
0.019510	-2.947494
0.019520	-2.943352
0.019530	-2.939202
0.019540	-2.935045
0.019550	-2.930881
0.019560	-2.926709
0.019570	-2.922531
0.019580	-2.918346
0.019590	-2.914154
0.019600	-2.909955
0.019610	-2.905750
0.019620	-2.901539
0.019630	-2.897321
0.019640	-2.893098
0.019650	-2.888868
0.019660	-2.884633
0.019670	-2.880392
0.019680	-2.876146
0.019690	-2.871894
0.019700	-2.867637
0.019710	-2.863375
0.019720	-2.859108
0.019730	-2.854836
0.019740	-2.850559
0.019750	-2.846278
0.019760	-2.841992
0.019770	-2.837702
0.019780	-2.833408
0.019790	-2.829109
0.019800	-2.824807
0.019810	-2.820500
0.019820	-2.816190
0.019830	-2.811876
0.019840	-2.807559
0.019850	-2.803238
0.019860	-2.798915
0.019870	-2.794588
0.019880	-2.790258
0.019890	-2.785925
0.019900	-2.781589
0.019910	-2.777250
0.019920	-2.772910
0.019930	-2.768566
0.019940	-2.764220
0.019950	-2.759872
0.019960	-2.755522
0.019970	-2.751170
0.019980	-2.746816
0.019990	-2.742461
0.020000	-2.738103
0.020010	-2.733744
0.020020	-2.729384
0.020030	-2.725022
0.020040	-2.720660
0.020050	-2.716296
0.020060	-2.711931
0.020070	-2.707565
0.020080	-2.703198
0.020090	-2.698830
0.020100	-2.694462
0.020110	-2.690094
0.020120	-2.685725
0.020130	-2.681356
0.020140	-2.676986
0.020150	-2.672617
0.020160	-2.668248
0.020170	-2.663878
0.020180	-2.659509
0.020190	-2.655140
0.020200	-2.650772
0.020210	-2.646404
0.020220	-2.642037
0.020230	-2.637670
0.020240	-2.633304
0.020250	-2.628939
0.020260	-2.624575
0.020270	-2.620212
0.020280	-2.615851
0.020290	-2.611490
0.020300	-2.607131
0.020310	-2.602773
0.020320	-2.598417
0.020330	-2.594062
0.020340	-2.589709
0.020350	-2.585358
0.020360	-2.581008
0.020370	-2.576661
0.020380	-2.572315
0.020390	-2.567972
0.020400	-2.563631
0.020410	-2.559292
0.020420	-2.554955
0.020430	-2.550621
0.020440	-2.546289
0.020450	-2.541960
0.020460	-2.537634
0.020470	-2.533310
0.020480	-2.528989
0.020490	-2.524671
0.020500	-2.520356
0.020510	-2.516044
0.020520	-2.511736
0.020530	-2.507430
0.020540	-2.503127
0.020550	-2.498828
0.020560	-2.494533
0.020570	-2.490240
0.020580	-2.485952
0.020590	-2.481667
0.020600	-2.477385
0.020610	-2.473108
0.020620	-2.468834
0.020630	-2.464564
0.020640	-2.460298
0.020650	-2.456036
0.020660	-2.451778
0.020670	-2.447524
0.020680	-2.443274
0.020690	-2.439029
0.020700	-2.434788
0.020710	-2.430551
0.020720	-2.426319
0.020730	-2.422091
0.020740	-2.417868
0.020750	-2.413649
0.020760	-2.409435
0.020770	-2.405226
0.020780	-2.401021
0.020790	-2.396822
0.020800	-2.392627
0.020810	-2.388437
0.020820	-2.384252
0.020830	-2.380072
0.020840	-2.375897
0.020850	-2.371728
0.020860	-2.367563
0.020870	-2.363404
0.020880	-2.359250
0.020890	-2.355101
0.020900	-2.350958
0.020910	-2.346820
0.020920	-2.342688
0.020930	-2.338561
0.020940	-2.334440
0.020950	-2.330324
0.020960	-2.326214
0.020970	-2.322109
0.020980	-2.318010
0.020990	-2.313917
0.021000	-2.309830
0.021010	-2.305749
0.021020	-2.301673
0.021030	-2.297604
0.021040	-2.293540
0.021050	-2.289483
0.021060	-2.285431
0.021070	-2.281385
0.021080	-2.277346
0.021090	-2.273312
0.021100	-2.269285
0.021110	-2.265264
0.021120	-2.261249
0.021130	-2.257241
0.021140	-2.253238
0.021150	-2.249242
0.021160	-2.245253
0.021170	-2.241269
0.021180	-2.237292
0.021190	-2.233322
0.021200	-2.229358
0.021210	-2.225400
0.021220	-2.221449
0.021230	-2.217504
0.021240	-2.213566
0.021250	-2.209634
0.021260	-2.205709
0.021270	-2.201791
0.021280	-2.197879
0.021290	-2.193974
0.021300	-2.190075
0.021310	-2.186183
0.021320	-2.182298
0.021330	-2.178420
0.021340	-2.174548
0.021350	-2.170683
0.021360	-2.166825
0.021370	-2.162973
0.021380	-2.159129
0.021390	-2.155291
0.021400	-2.151460
0.021410	-2.147636
0.021420	-2.143818
0.021430	-2.140008
0.021440	-2.136204
0.021450	-2.132407
0.021460	-2.128617
0.021470	-2.124834
0.021480	-2.121058
0.021490	-2.117288
0.021500	-2.113526
0.021510	-2.109770
0.021520	-2.106022
0.021530	-2.102280
0.021540	-2.098545
0.021550	-2.094818
0.021560	-2.091097
0.021570	-2.087383
0.021580	-2.083676
0.021590	-2.079976
0.021600	-2.076283
0.021610	-2.072596
0.021620	-2.068917
0.021630	-2.065245
0.021640	-2.061579
0.021650	-2.057921
0.021660	-2.054269
0.021670	-2.050625
0.021680	-2.046987
0.021690	-2.043356
0.021700	-2.039732
0.021710	-2.036115
0.021720	-2.032505
0.021730	-2.028902
0.021740	-2.025306
0.021750	-2.021717
0.021760	-2.018134
0.021770	-2.014559
0.021780	-2.010990
0.021790	-2.007428
0.021800	-2.003873
0.021810	-2.000325
0.021820	-1.996783
0.021830	-1.993248
0.021840	-1.989721
0.021850	-1.986200
0.021860	-1.982685
0.021870	-1.979178
0.021880	-1.975677
0.021890	-1.972183
0.021900	-1.968695
0.021910	-1.965215
0.021920	-1.961741
0.021930	-1.958273
0.021940	-1.954813
0.021950	-1.951358
0.021960	-1.947911
0.021970	-1.944470
0.021980	-1.941036
0.021990	-1.937608
0.022000	-1.934187
0.022010	-1.930772
0.022020	-1.927364
0.022030	-1.923962
0.022040	-1.920567
0.022050	-1.917178
0.022060	-1.913795
0.022070	-1.910419
0.022080	-1.907049
0.022090	-1.903686
0.022100	-1.900329
0.022110	-1.896978
0.022120	-1.893633
0.022130	-1.890295
0.022140	-1.886963
0.022150	-1.883637
0.022160	-1.880317
0.022170	-1.877003
0.022180	-1.873695
0.022190	-1.870394
0.022200	-1.867098
0.022210	-1.863809
0.022220	-1.860525
0.022230	-1.857248
0.022240	-1.853976
0.022250	-1.850711
0.022260	-1.847451
0.022270	-1.844197
0.022280	-1.840948
0.022290	-1.837706
0.022300	-1.834469
0.022310	-1.831238
0.022320	-1.828013
0.022330	-1.824793
0.022340	-1.821579
0.022350	-1.818371
0.022360	-1.815168
0.022370	-1.811970
0.022380	-1.808778
0.022390	-1.805592
0.022400	-1.802411
0.022410	-1.799235
0.022420	-1.796064
0.022430	-1.792899
0.022440	-1.789739
0.022450	-1.786585
0.022460	-1.783435
0.022470	-1.780291
0.022480	-1.777151
0.022490	-1.774017
0.022500	-1.770888
0.022510	-1.767764
0.022520	-1.764645
0.022530	-1.761530
0.022540	-1.758421
0.022550	-1.755316
0.022560	-1.752217
0.022570	-1.749121
0.022580	-1.746031
0.022590	-1.742946
0.022600	-1.739864
0.022610	-1.736788
0.022620	-1.733716
0.022630	-1.730649
0.022640	-1.727586
0.022650	-1.724527
0.022660	-1.721473
0.022670	-1.718424
0.022680	-1.715378
0.022690	-1.712337
0.022700	-1.709300
0.022710	-1.706267
0.022720	-1.703238
0.022730	-1.700214
0.022740	-1.697193
0.022750	-1.694176
0.022760	-1.691164
0.022770	-1.688155
0.022780	-1.685150
0.022790	-1.682149
0.022800	-1.679152
0.022810	-1.676158
0.022820	-1.673168
0.022830	-1.670182
0.022840	-1.667199
0.022850	-1.664220
0.022860	-1.661244
0.022870	-1.658272
0.022880	-1.655303
0.022890	-1.652338
0.022900	-1.649376
0.022910	-1.646417
0.022920	-1.643461
0.022930	-1.640509
0.022940	-1.637559
0.022950	-1.634613
0.022960	-1.631670
0.022970	-1.628729
0.022980	-1.625792
0.022990	-1.622857
0.023000	-1.619926
0.023010	-1.616997
0.023020	-1.614070
0.023030	-1.611147
0.023040	-1.608226
0.023050	-1.605308
0.023060	-1.602392
0.023070	-1.599479
0.023080	-1.596568
0.023090	-1.593660
0.023100	-1.590754
0.023110	-1.587850
0.023120	-1.584949
0.023130	-1.582049
0.023140	-1.579152
0.023150	-1.576257
0.023160	-1.573364
0.023170	-1.570473
0.023180	-1.567584
0.023190	-1.564697
0.023200	-1.561812
0.023210	-1.558929
0.023220	-1.556047
0.023230	-1.553167
0.023240	-1.550289
0.023250	-1.547412
0.023260	-1.544537
0.023270	-1.541664
0.023280	-1.538792
0.023290	-1.535921
0.023300	-1.533052
0.023310	-1.530184
0.023320	-1.527317
0.023330	-1.524451
0.023340	-1.521587
0.023350	-1.518724
0.023360	-1.515862
0.023370	-1.513000
0.023380	-1.510140
0.023390	-1.507281
0.023400	-1.504423
0.023410	-1.501565
0.023420	-1.498708
0.023430	-1.495852
0.023440	-1.492997
0.023450	-1.490142
0.023460	-1.487288
0.023470	-1.484434
0.023480	-1.481581
0.023490	-1.478729
0.023500	-1.475876
0.023510	-1.473024
0.023520	-1.470172
0.023530	-1.467321
0.023540	-1.464470
0.023550	-1.461619
0.023560	-1.458768
0.023570	-1.455917
0.023580	-1.453066
0.023590	-1.450215
0.023600	-1.447363
0.023610	-1.444512
0.023620	-1.441661
0.023630	-1.438809
0.023640	-1.435957
0.023650	-1.433105
0.023660	-1.430252
0.023670	-1.427399
0.023680	-1.424545
0.023690	-1.421691
0.023700	-1.418836
0.023710	-1.415981
0.023720	-1.413125
0.023730	-1.410268
0.023740	-1.407411
0.023750	-1.404552
0.023760	-1.401693
0.023770	-1.398833
0.023780	-1.395972
0.023790	-1.393110
0.023800	-1.390247
0.023810	-1.387383
0.023820	-1.384518
0.023830	-1.381652
0.023840	-1.378784
0.023850	-1.375916
0.023860	-1.373045
0.023870	-1.370174
0.023880	-1.367301
0.023890	-1.364427
0.023900	-1.361551
0.023910	-1.358674
0.023920	-1.355795
0.023930	-1.352915
0.023940	-1.350033
0.023950	-1.347149
0.023960	-1.344264
0.023970	-1.341376
0.023980	-1.338487
0.023990	-1.335596
0.024000	-1.332703
0.024010	-1.329809
0.024020	-1.326912
0.024030	-1.324013
0.024040	-1.321112
0.024050	-1.318209
0.024060	-1.315304
0.024070	-1.312397
0.024080	-1.309488
0.024090	-1.306576
0.024100	-1.303662
0.024110	-1.300745
0.024120	-1.297827
0.024130	-1.294905
0.024140	-1.291982
0.024150	-1.289055
0.024160	-1.286127
0.024170	-1.283195
0.024180	-1.280262
0.024190	-1.277325
0.024200	-1.274386
0.024210	-1.271444
0.024220	-1.268499
0.024230	-1.265552
0.024240	-1.262601
0.024250	-1.259648
0.024260	-1.256692
0.024270	-1.253733
0.024280	-1.250771
0.024290	-1.247806
0.024300	-1.244838
0.024310	-1.241866
0.024320	-1.238892
0.024330	-1.235915
0.024340	-1.232934
0.024350	-1.229950
0.024360	-1.226963
0.024370	-1.223973
0.024380	-1.220979
0.024390	-1.217982
0.024400	-1.214982
0.024410	-1.211978
0.024420	-1.208971
0.024430	-1.205960
0.024440	-1.202946
0.024450	-1.199928
0.024460	-1.196907
0.024470	-1.193882
0.024480	-1.190853
0.024490	-1.187821
0.024500	-1.184785
0.024510	-1.181746
0.024520	-1.178703
0.024530	-1.175656
0.024540	-1.172605
0.024550	-1.169550
0.024560	-1.166492
0.024570	-1.163429
0.024580	-1.160363
0.024590	-1.157293
0.024600	-1.154219
0.024610	-1.151141
0.024620	-1.148059
0.024630	-1.144973
0.024640	-1.141883
0.024650	-1.138788
0.024660	-1.135690
0.024670	-1.132588
0.024680	-1.129481
0.024690	-1.126370
0.024700	-1.123256
0.024710	-1.120136
0.024720	-1.117013
0.024730	-1.113886
0.024740	-1.110754
0.024750	-1.107618
0.024760	-1.104477
0.024770	-1.101332
0.024780	-1.098183
0.024790	-1.095030
0.024800	-1.091872
0.024810	-1.088709
0.024820	-1.085543
0.024830	-1.082371
0.024840	-1.079196
0.024850	-1.076016
0.024860	-1.072831
0.024870	-1.069642
0.024880	-1.066448
0.024890	-1.063250
0.024900	-1.060047
0.024910	-1.056840
0.024920	-1.053628
0.024930	-1.050411
0.024940	-1.047190
0.024950	-1.043964
0.024960	-1.040734
0.024970	-1.037499
0.024980	-1.034259
0.024990	-1.031014
0.025000	-1.027765
0.025010	-1.024511
0.025020	-1.021253
0.025030	-1.017989
0.025040	-1.014721
0.025050	-1.011448
0.025060	-1.008171
0.025070	-1.004888
0.025080	-1.001601
0.025090	-0.998309
0.025100	-0.995012
0.025110	-0.991711
0.025120	-0.988404
0.025130	-0.985093
0.025140	-0.981777
0.025150	-0.978456
0.025160	-0.975130
0.025170	-0.971800
0.025180	-0.968464
0.025190	-0.965124
0.025200	-0.961779
0.025210	-0.958429
0.025220	-0.955074
0.025230	-0.951714
0.025240	-0.948350
0.025250	-0.944980
0.025260	-0.941606
0.025270	-0.938226
0.025280	-0.934842
0.025290	-0.931453
0.025300	-0.928059
0.025310	-0.924660
0.025320	-0.921256
0.025330	-0.917848
0.025340	-0.914434
0.025350	-0.911016
0.025360	-0.907592
0.025370	-0.904164
0.025380	-0.900731
0.025390	-0.897293
0.025400	-0.893850
0.025410	-0.890402
0.025420	-0.886950
0.025430	-0.883492
0.025440	-0.880030
0.025450	-0.876562
0.025460	-0.873090
0.025470	-0.869613
0.025480	-0.866131
0.025490	-0.862645
0.025500	-0.859153
0.025510	-0.855657
0.025520	-0.852156
0.025530	-0.848650
0.025540	-0.845139
0.025550	-0.841623
0.025560	-0.838103
0.025570	-0.834577
0.025580	-0.831047
0.025590	-0.827513
0.025600	-0.823973
0.025610	-0.820429
0.025620	-0.816880
0.025630	-0.813326
0.025640	-0.809768
0.025650	-0.806205
0.025660	-0.802637
0.025670	-0.799064
0.025680	-0.795487
0.025690	-0.791905
0.025700	-0.788319
0.025710	-0.784727
0.025720	-0.781132
0.025730	-0.777531
0.025740	-0.773926
0.025750	-0.770317
0.025760	-0.766703
0.025770	-0.763084
0.025780	-0.759461
0.025790	-0.755833
0.025800	-0.752201
0.025810	-0.748564
0.025820	-0.744923
0.025830	-0.741278
0.025840	-0.737628
0.025850	-0.733974
0.025860	-0.730315
0.025870	-0.726652
0.025880	-0.722984
0.025890	-0.719312
0.025900	-0.715636
0.025910	-0.711956
0.025920	-0.708271
0.025930	-0.704582
0.025940	-0.700889
0.025950	-0.697192
0.025960	-0.693491
0.025970	-0.689785
0.025980	-0.686075
0.025990	-0.682361
0.026000	-0.678643
0.026010	-0.674921
0.026020	-0.671195
0.026030	-0.667465
0.026040	-0.663731
0.026050	-0.659993
0.026060	-0.656251
0.026070	-0.652505
0.026080	-0.648755
0.026090	-0.645001
0.026100	-0.641244
0.026110	-0.637483
0.026120	-0.633717
0.026130	-0.629949
0.026140	-0.626176
0.026150	-0.622400
0.026160	-0.618620
0.026170	-0.614836
0.026180	-0.611049
0.026190	-0.607258
0.026200	-0.603464
0.026210	-0.599666
0.026220	-0.595864
0.026230	-0.592059
0.026240	-0.588251
0.026250	-0.584439
0.026260	-0.580624
0.026270	-0.576806
0.026280	-0.572984
0.026290	-0.569159
0.026300	-0.565331
0.026310	-0.561499
0.026320	-0.557665
0.026330	-0.553827
0.026340	-0.549986
0.026350	-0.546142
0.026360	-0.542295
0.026370	-0.538445
0.026380	-0.534592
0.026390	-0.530736
0.026400	-0.526877
0.026410	-0.523016
0.026420	-0.519151
0.026430	-0.515284
0.026440	-0.511413
0.026450	-0.507541
0.026460	-0.503665
0.026470	-0.499787
0.026480	-0.495906
0.026490	-0.492023
0.026500	-0.488137
0.026510	-0.484248
0.026520	-0.480357
0.026530	-0.476464
0.026540	-0.472568
0.026550	-0.468670
0.026560	-0.464770
0.026570	-0.460867
0.026580	-0.456963
0.026590	-0.453055
0.026600	-0.449146
0.026610	-0.445235
0.026620	-0.441322
0.026630	-0.437406
0.026640	-0.433489
0.026650	-0.429569
0.026660	-0.425648
0.026670	-0.421725
0.026680	-0.417800
0.026690	-0.413874
0.026700	-0.409945
0.026710	-0.406015
0.026720	-0.402083
0.026730	-0.398150
0.026740	-0.394215
0.026750	-0.390278
0.026760	-0.386341
0.026770	-0.382401
0.026780	-0.378460
0.026790	-0.374518
0.026800	-0.370575
0.026810	-0.366630
0.026820	-0.362684
0.026830	-0.358737
0.026840	-0.354789
0.026850	-0.350840
0.026860	-0.346890
0.026870	-0.342938
0.026880	-0.338986
0.026890	-0.335033
0.026900	-0.331079
0.026910	-0.327124
0.026920	-0.323169
0.026930	-0.319213
0.026940	-0.315256
0.026950	-0.311298
0.026960	-0.307340
0.026970	-0.303382
0.026980	-0.299423
0.026990	-0.295463
0.027000	-0.291504
0.027010	-0.287543
0.027020	-0.283583
0.027030	-0.279622
0.027040	-0.275662
0.027050	-0.271701
0.027060	-0.267740
0.027070	-0.263778
0.027080	-0.259817
0.027090	-0.255856
0.027100	-0.251895
0.027110	-0.247935
0.027120	-0.243974
0.027130	-0.240014
0.027140	-0.236054
0.027150	-0.232094
0.027160	-0.228135
0.027170	-0.224176
0.027180	-0.220218
0.027190	-0.216261
0.027200	-0.212303
0.027210	-0.208347
0.027220	-0.204391
0.027230	-0.200436
0.027240	-0.196482
0.027250	-0.192529
0.027260	-0.188577
0.027270	-0.184625
0.027280	-0.180675
0.027290	-0.176726
0.027300	-0.172778
0.027310	-0.168831
0.027320	-0.164885
0.027330	-0.160940
0.027340	-0.156997
0.027350	-0.153056
0.027360	-0.149115
0.027370	-0.145176
0.027380	-0.141239
0.027390	-0.137303
0.027400	-0.133369
0.027410	-0.129437
0.027420	-0.125506
0.027430	-0.121577
0.027440	-0.117650
0.027450	-0.113725
0.027460	-0.109802
0.027470	-0.105881
0.027480	-0.101962
0.027490	-0.098045
0.027500	-0.094130
0.027510	-0.090217
0.027520	-0.086307
0.027530	-0.082399
0.027540	-0.078493
0.027550	-0.074590
0.027560	-0.070690
0.027570	-0.066791
0.027580	-0.062896
0.027590	-0.059003
0.027600	-0.055113
0.027610	-0.051225
0.027620	-0.047340
0.027630	-0.043459
0.027640	-0.039580
0.027650	-0.035704
0.027660	-0.031831
0.027670	-0.027961
0.027680	-0.024094
0.027690	-0.020230
0.027700	-0.016370
0.027710	-0.012513
0.027720	-0.008659
0.027730	-0.004809
0.027740	-0.000962
0.027750	0.002882
0.027760	0.006721
0.027770	0.010558
0.027780	0.014390
0.027790	0.018219
0.027800	0.022045
0.027810	0.025866
0.027820	0.029683
0.027830	0.033497
0.027840	0.037307
0.027850	0.041112
0.027860	0.044914
0.027870	0.048711
0.027880	0.052504
0.027890	0.056293
0.027900	0.060078
0.027910	0.063858
0.027920	0.067634
0.027930	0.071406
0.027940	0.075173
0.027950	0.078935
0.027960	0.082693
0.027970	0.086446
0.027980	0.090195
0.027990	0.093939
0.028000	0.097677
0.028010	0.101412
0.028020	0.105141
0.028030	0.108865
0.028040	0.112584
0.028050	0.116298
0.028060	0.120007
0.028070	0.123711
0.028080	0.127409
0.028090	0.131103
0.028100	0.134790
0.028110	0.138473
0.028120	0.142150
0.028130	0.145822
0.028140	0.149488
0.028150	0.153148
0.028160	0.156803
0.028170	0.160452
0.028180	0.164096
0.028190	0.167733
0.028200	0.171365
0.028210	0.174991
0.028220	0.178611
0.028230	0.182225
0.028240	0.185833
0.028250	0.189435
0.028260	0.193030
0.028270	0.196620
0.028280	0.200203
0.028290	0.203780
0.028300	0.207350
0.028310	0.210915
0.028320	0.214472
0.028330	0.218024
0.028340	0.221568
0.028350	0.225107
0.028360	0.228638
0.028370	0.232163
0.028380	0.235681
0.028390	0.239192
0.028400	0.242697
0.028410	0.246194
0.028420	0.249685
0.028430	0.253169
0.028440	0.256645
0.028450	0.260115
0.028460	0.263577
0.028470	0.267033
0.028480	0.270481
0.028490	0.273922
0.028500	0.277355
0.028510	0.280781
0.028520	0.284200
0.028530	0.287611
0.028540	0.291015
0.028550	0.294411
0.028560	0.297800
0.028570	0.301181
0.028580	0.304555
0.028590	0.307920
0.028600	0.311278
0.028610	0.314628
0.028620	0.317971
0.028630	0.321305
0.028640	0.324632
0.028650	0.327950
0.028660	0.331260
0.028670	0.334563
0.028680	0.337857
0.028690	0.341143
0.028700	0.344421
0.028710	0.347691
0.028720	0.350952
0.028730	0.354205
0.028740	0.357449
0.028750	0.360686
0.028760	0.363913
0.028770	0.367133
0.028780	0.370343
0.028790	0.373545
0.028800	0.376739
0.028810	0.379924
0.028820	0.383100
0.028830	0.386267
0.028840	0.389426
0.028850	0.392575
0.028860	0.395716
0.028870	0.398848
0.028880	0.401971
0.028890	0.405085
0.028900	0.408190
0.028910	0.411286
0.028920	0.414373
0.028930	0.417450
0.028940	0.420519
0.028950	0.423578
0.028960	0.426628
0.028970	0.429669
0.028980	0.432700
0.028990	0.435722
0.029000	0.438735
0.029010	0.441738
0.029020	0.444731
0.029030	0.447715
0.029040	0.450690
0.029050	0.453655
0.029060	0.456610
0.029070	0.459556
0.029080	0.462492
0.029090	0.465418
0.029100	0.468335
0.029110	0.471241
0.029120	0.474138
0.029130	0.477025
0.029140	0.479902
0.029150	0.482770
0.029160	0.485627
0.029170	0.488474
0.029180	0.491311
0.029190	0.494138
0.029200	0.496955
0.029210	0.499762
0.029220	0.502559
0.029230	0.505345
0.029240	0.508121
0.029250	0.510887
0.029260	0.513643
0.029270	0.516389
0.029280	0.519124
0.029290	0.521848
0.029300	0.524563
0.029310	0.527266
0.029320	0.529960
0.029330	0.532643
0.029340	0.535315
0.029350	0.537977
0.029360	0.540628
0.029370	0.543269
0.029380	0.545899
0.029390	0.548518
0.029400	0.551126
0.029410	0.553724
0.029420	0.556312
0.029430	0.558888
0.029440	0.561454
0.029450	0.564008
0.029460	0.566552
0.029470	0.569085
0.029480	0.571607
0.029490	0.574119
0.029500	0.576619
0.029510	0.579108
0.029520	0.581587
0.029530	0.584054
0.029540	0.586510
0.029550	0.588956
0.029560	0.591390
0.029570	0.593813
0.029580	0.596225
0.029590	0.598625
0.029600	0.601015
0.029610	0.603393
0.029620	0.605761
0.029630	0.608117
0.029640	0.610461
0.029650	0.612795
0.029660	0.615117
0.029670	0.617428
0.029680	0.619727
0.029690	0.622015
0.029700	0.624292
0.029710	0.626557
0.029720	0.628811
0.029730	0.631054
0.029740	0.633285
0.029750	0.635504
0.029760	0.637713
0.029770	0.639909
0.029780	0.642094
0.029790	0.644268
0.029800	0.646430
0.029810	0.648580
0.029820	0.650719
0.029830	0.652847
0.029840	0.654962
0.029850	0.657067
0.029860	0.659159
0.029870	0.661240
0.029880	0.663309
0.029890	0.665367
0.029900	0.667412
0.029910	0.669447
0.029920	0.671469
0.029930	0.673480
0.029940	0.675479
0.029950	0.677466
0.029960	0.679441
0.029970	0.681405
0.029980	0.683357
0.029990	0.685297
0.030000	0.687225
0.030010	0.689142
0.030020	0.691047
0.030030	0.692940
0.030040	0.694821
0.030050	0.696690
0.030060	0.698547
0.030070	0.700393
0.030080	0.702226
0.030090	0.704048
0.030100	0.705858
0.030110	0.707656
0.030120	0.709442
0.030130	0.711216
0.030140	0.712978
0.030150	0.714729
0.030160	0.716467
0.030170	0.718194
0.030180	0.719908
0.030190	0.721611
0.030200	0.723301
0.030210	0.724980
0.030220	0.726647
0.030230	0.728302
0.030240	0.729945
0.030250	0.731576
0.030260	0.733195
0.030270	0.734802
0.030280	0.736397
0.030290	0.737980
0.030300	0.739551
0.030310	0.741110
0.030320	0.742657
0.030330	0.744193
0.030340	0.745716
0.030350	0.747227
0.030360	0.748727
0.030370	0.750214
0.030380	0.751689
0.030390	0.753153
0.030400	0.754604
0.030410	0.756044
0.030420	0.757471
0.030430	0.758887
0.030440	0.760291
0.030450	0.761682
0.030460	0.763062
0.030470	0.764430
0.030480	0.765786
0.030490	0.767130
0.030500	0.768462
0.030510	0.769782
0.030520	0.771090
0.030530	0.772386
0.030540	0.773670
0.030550	0.774943
0.030560	0.776203
0.030570	0.777452
0.030580	0.778689
0.030590	0.779913
0.030600	0.781126
0.030610	0.782328
0.030620	0.783517
0.030630	0.784694
0.030640	0.785860
0.030650	0.787013
0.030660	0.788155
0.030670	0.789285
0.030680	0.790404
0.030690	0.791510
0.030700	0.792605
0.030710	0.793688
0.030720	0.794759
0.030730	0.795818
0.030740	0.796866
0.030750	0.797902
0.030760	0.798926
0.030770	0.799938
0.030780	0.800939
0.030790	0.801928
0.030800	0.802905
0.030810	0.803871
0.030820	0.804825
0.030830	0.805767
0.030840	0.806698
0.030850	0.807617
0.030860	0.808525
0.030870	0.809421
0.030880	0.810305
0.030890	0.811178
0.030900	0.812040
0.030910	0.812889
0.030920	0.813728
0.030930	0.814554
0.030940	0.815370
0.030950	0.816174
0.030960	0.816966
0.030970	0.817747
0.030980	0.818516
0.030990	0.819275
0.031000	0.820021
0.031010	0.820757
0.031020	0.821481
0.031030	0.822194
0.031040	0.822895
0.031050	0.823585
0.031060	0.824264
0.031070	0.824932
0.031080	0.825588
0.031090	0.826234
0.031100	0.826868
0.031110	0.827490
0.031120	0.828102
0.031130	0.828703
0.031140	0.829292
0.031150	0.829870
0.031160	0.830438
0.031170	0.830994
0.031180	0.831539
0.031190	0.832073
0.031200	0.832597
0.031210	0.833109
0.031220	0.833610
0.031230	0.834101
0.031240	0.834580
0.031250	0.835049
0.031260	0.835507
0.031270	0.835954
0.031280	0.836390
0.031290	0.836815
0.031300	0.837230
0.031310	0.837634
0.031320	0.838027
0.031330	0.838410
0.031340	0.838782
0.031350	0.839143
0.031360	0.839493
0.031370	0.839834
0.031380	0.840163
0.031390	0.840482
0.031400	0.840791
0.031410	0.841089
0.031420	0.841376
0.031430	0.841653
0.031440	0.841920
0.031450	0.842177
0.031460	0.842423
0.031470	0.842658
0.031480	0.842884
0.031490	0.843099
0.031500	0.843304
0.031510	0.843499
0.031520	0.843684
0.031530	0.843858
0.031540	0.844022
0.031550	0.844177
0.031560	0.844321
0.031570	0.844455
0.031580	0.844579
0.031590	0.844693
0.031600	0.844798
0.031610	0.844892
0.031620	0.844977
0.031630	0.845051
0.031640	0.845116
0.031650	0.845171
0.031660	0.845216
0.031670	0.845252
0.031680	0.845278
0.031690	0.845294
0.031700	0.845301
0.031710	0.845298
0.031720	0.845285
0.031730	0.845263
0.031740	0.845231
0.031750	0.845190
0.031760	0.845140
0.031770	0.845080
0.031780	0.845010
0.031790	0.844932
0.031800	0.844844
0.031810	0.844746
0.031820	0.844640
0.031830	0.844524
0.031840	0.844399
0.031850	0.844265
0.031860	0.844122
0.031870	0.843970
0.031880	0.843809
0.031890	0.843638
0.031900	0.843459
0.031910	0.843271
0.031920	0.843074
0.031930	0.842868
0.031940	0.842653
0.031950	0.842430
0.031960	0.842197
0.031970	0.841956
0.031980	0.841706
0.031990	0.841448
0.032000	0.841181
0.032010	0.840905
0.032020	0.840621
0.032030	0.840328
0.032040	0.840027
0.032050	0.839717
0.032060	0.839399
0.032070	0.839073
0.032080	0.838738
0.032090	0.838395
0.032100	0.838044
0.032110	0.837684
0.032120	0.837316
0.032130	0.836941
0.032140	0.836557
0.032150	0.836164
0.032160	0.835764
0.032170	0.835356
0.032180	0.834940
0.032190	0.834516
0.032200	0.834084
0.032210	0.833644
0.032220	0.833197
0.032230	0.832741
0.032240	0.832278
0.032250	0.831807
0.032260	0.831329
0.032270	0.830843
0.032280	0.830349
0.032290	0.829848
0.032300	0.829339
0.032310	0.828823
0.032320	0.828299
0.032330	0.827768
0.032340	0.827229
0.032350	0.826684
0.032360	0.826131
0.032370	0.825570
0.032380	0.825003
0.032390	0.824428
0.032400	0.823846
0.032410	0.823258
0.032420	0.822662
0.032430	0.822059
0.032440	0.821449
0.032450	0.820832
0.032460	0.820208
0.032470	0.819578
0.032480	0.818940
0.032490	0.818296
0.032500	0.817645
0.032510	0.816988
0.032520	0.816323
0.032530	0.815652
0.032540	0.814975
0.032550	0.814291
0.032560	0.813600
0.032570	0.812903
0.032580	0.812200
0.032590	0.811490
0.032600	0.810774
0.032610	0.810052
0.032620	0.809323
0.032630	0.808588
0.032640	0.807847
0.032650	0.807100
0.032660	0.806347
0.032670	0.805588
0.032680	0.804822
0.032690	0.804051
0.032700	0.803274
0.032710	0.802490
0.032720	0.801701
0.032730	0.800907
0.032740	0.800106
0.032750	0.799300
0.032760	0.798487
0.032770	0.797670
0.032780	0.796846
0.032790	0.796017
0.032800	0.795183
0.032810	0.794343
0.032820	0.793498
0.032830	0.792647
0.032840	0.791790
0.032850	0.790929
0.032860	0.790062
0.032870	0.789190
0.032880	0.788312
0.032890	0.787430
0.032900	0.786542
0.032910	0.785649
0.032920	0.784752
0.032930	0.783849
0.032940	0.782941
0.032950	0.782028
0.032960	0.781111
0.032970	0.780188
0.032980	0.779261
0.032990	0.778329
0.033000	0.777392
0.033010	0.776450
0.033020	0.775504
0.033030	0.774553
0.033040	0.773598
0.033050	0.772638
0.033060	0.771673
0.033070	0.770704
0.033080	0.769731
0.033090	0.768753
0.033100	0.767771
0.033110	0.766785
0.033120	0.765794
0.033130	0.764799
0.033140	0.763800
0.033150	0.762797
0.033160	0.761789
0.033170	0.760778
0.033180	0.759762
0.033190	0.758743
0.033200	0.757720
0.033210	0.756692
0.033220	0.755661
0.033230	0.754626
0.033240	0.753587
0.033250	0.752545
0.033260	0.751499
0.033270	0.750449
0.033280	0.749395
0.033290	0.748338
0.033300	0.747277
0.033310	0.746213
0.033320	0.745145
0.033330	0.744074
0.033340	0.742999
0.033350	0.741921
0.033360	0.740840
0.033370	0.739755
0.033380	0.738667
0.033390	0.737576
0.033400	0.736482
0.033410	0.735384
0.033420	0.734284
0.033430	0.733180
0.033440	0.732073
0.033450	0.730964
0.033460	0.729851
0.033470	0.728735
0.033480	0.727617
0.033490	0.726496
0.033500	0.725372
0.033510	0.724245
0.033520	0.723115
0.033530	0.721983
0.033540	0.720848
0.033550	0.719710
0.033560	0.718570
0.033570	0.717427
0.033580	0.716282
0.033590	0.715134
0.033600	0.713984
0.033610	0.712831
0.033620	0.711676
0.033630	0.710519
0.033640	0.709359
0.033650	0.708197
0.033660	0.707033
0.033670	0.705867
0.033680	0.704698
0.033690	0.703528
0.033700	0.702355
0.033710	0.701180
0.033720	0.700003
0.033730	0.698825
0.033740	0.697644
0.033750	0.696461
0.033760	0.695277
0.033770	0.694090
0.033780	0.692902
0.033790	0.691712
0.033800	0.690520
0.033810	0.689327
0.033820	0.688132
0.033830	0.686935
0.033840	0.685737
0.033850	0.684537
0.033860	0.683335
0.033870	0.682132
0.033880	0.680927
0.033890	0.679721
0.033900	0.678514
0.033910	0.677305
0.033920	0.676095
0.033930	0.674884
0.033940	0.673671
0.033950	0.672457
0.033960	0.671242
0.033970	0.670026
0.033980	0.668808
0.033990	0.667589
0.034000	0.666370
0.034010	0.665149
0.034020	0.663927
0.034030	0.662704
0.034040	0.661480
0.034050	0.660256
0.034060	0.659030
0.034070	0.657803
0.034080	0.656576
0.034090	0.655348
0.034100	0.654119
0.034110	0.652889
0.034120	0.651659
0.034130	0.650427
0.034140	0.649196
0.034150	0.647963
0.034160	0.646730
0.034170	0.645496
0.034180	0.644262
0.034190	0.643027
0.034200	0.641792
0.034210	0.640557
0.034220	0.639320
0.034230	0.638084
0.034240	0.636847
0.034250	0.635610
0.034260	0.634372
0.034270	0.633134
0.034280	0.631896
0.034290	0.630658
0.034300	0.629419
0.034310	0.628180
0.034320	0.626942
0.034330	0.625702
0.034340	0.624463
0.034350	0.623224
0.034360	0.621985
0.034370	0.620745
0.034380	0.619506
0.034390	0.618267
0.034400	0.617028
0.034410	0.615788
0.034420	0.614549
0.034430	0.613310
0.034440	0.612072
0.034450	0.610833
0.034460	0.609595
0.034470	0.608356
0.034480	0.607119
0.034490	0.605881
0.034500	0.604644
0.034510	0.603407
0.034520	0.602170
0.034530	0.600934
0.034540	0.599698
0.034550	0.598462
0.034560	0.597227
0.034570	0.595993
0.034580	0.594759
0.034590	0.593525
0.034600	0.592292
0.034610	0.591060
0.034620	0.589828
0.034630	0.588597
0.034640	0.587366
0.034650	0.586136
0.034660	0.584907
0.034670	0.583678
0.034680	0.582450
0.034690	0.581223
0.034700	0.579996
0.034710	0.578771
0.034720	0.577546
0.034730	0.576322
0.034740	0.575099
0.034750	0.573876
0.034760	0.572655
0.034770	0.571434
0.034780	0.570215
0.034790	0.568996
0.034800	0.567778
0.034810	0.566561
0.034820	0.565346
0.034830	0.564131
0.034840	0.562917
0.034850	0.561704
0.034860	0.560493
0.034870	0.559282
0.034880	0.558073
0.034890	0.556864
0.034900	0.555657
0.034910	0.554451
0.034920	0.553246
0.034930	0.552043
0.034940	0.550840
0.034950	0.549639
0.034960	0.548439
0.034970	0.547241
0.034980	0.546043
0.034990	0.544847
0.035000	0.543652
0.035010	0.542459
0.035020	0.541267
0.035030	0.540076
0.035040	0.538886
0.035050	0.537698
0.035060	0.536512
0.035070	0.535327
0.035080	0.534143
0.035090	0.532961
0.035100	0.531780
0.035110	0.530600
0.035120	0.529422
0.035130	0.528246
0.035140	0.527071
0.035150	0.525898
0.035160	0.524726
0.035170	0.523556
0.035180	0.522387
0.035190	0.521220
0.035200	0.520055
0.035210	0.518891
0.035220	0.517729
0.035230	0.516568
0.035240	0.515409
0.035250	0.514252
0.035260	0.513096
0.035270	0.511943
0.035280	0.510790
0.035290	0.509640
0.035300	0.508491
0.035310	0.507344
0.035320	0.506199
0.035330	0.505055
0.035340	0.503913
0.035350	0.502773
0.035360	0.501635
0.035370	0.500499
0.035380	0.499364
0.035390	0.498231
0.035400	0.497100
0.035410	0.495971
0.035420	0.494844
0.035430	0.493718
0.035440	0.492595
0.035450	0.491473
0.035460	0.490353
0.035470	0.489235
0.035480	0.488119
0.035490	0.487005
0.035500	0.485892
0.035510	0.484782
0.035520	0.483674
0.035530	0.482567
0.035540	0.481463
0.035550	0.480360
0.035560	0.479259
0.035570	0.478161
0.035580	0.477064
0.035590	0.475969
0.035600	0.474876
0.035610	0.473786
0.035620	0.472697
0.035630	0.471610
0.035640	0.470525
0.035650	0.469442
0.035660	0.468362
0.035670	0.467283
0.035680	0.466206
0.035690	0.465132
0.035700	0.464059
0.035710	0.462988
0.035720	0.461920
0.035730	0.460853
0.035740	0.459789
0.035750	0.458727
0.035760	0.457666
0.035770	0.456608
0.035780	0.455552
0.035790	0.454498
0.035800	0.453446
0.035810	0.452396
0.035820	0.451348
0.035830	0.450303
0.035840	0.449259
0.035850	0.448217
0.035860	0.447178
0.035870	0.446141
0.035880	0.445105
0.035890	0.444072
0.035900	0.443041
0.035910	0.442012
0.035920	0.440986
0.035930	0.439961
0.035940	0.438938
0.035950	0.437918
0.035960	0.436900
0.035970	0.435883
0.035980	0.434869
0.035990	0.433857
0.036000	0.432847
0.036010	0.431840
0.036020	0.430834
0.036030	0.429831
0.036040	0.428829
0.036050	0.427830
0.036060	0.426833
0.036070	0.425838
0.036080	0.424845
0.036090	0.423854
0.036100	0.422866
0.036110	0.421879
0.036120	0.420895
0.036130	0.419913
0.036140	0.418933
0.036150	0.417954
0.036160	0.416979
0.036170	0.416005
0.036180	0.415033
0.036190	0.414064
0.036200	0.413096
0.036210	0.412131
0.036220	0.411168
0.036230	0.410206
0.036240	0.409247
0.036250	0.408290
0.036260	0.407336
0.036270	0.406383
0.036280	0.405432
0.036290	0.404484
0.036300	0.403537
0.036310	0.402593
0.036320	0.401651
0.036330	0.400710
0.036340	0.399772
0.036350	0.398836
0.036360	0.397902
0.036370	0.396970
0.036380	0.396040
0.036390	0.395112
0.036400	0.394186
0.036410	0.393263
0.036420	0.392341
0.036430	0.391421
0.036440	0.390504
0.036450	0.389588
0.036460	0.388674
0.036470	0.387763
0.036480	0.386853
0.036490	0.385946
0.036500	0.385040
0.036510	0.384136
0.036520	0.383235
0.036530	0.382335
0.036540	0.381438
0.036550	0.380542
0.036560	0.379648
0.036570	0.378757
0.036580	0.377867
0.036590	0.376979
0.036600	0.376093
0.036610	0.375209
0.036620	0.374327
0.036630	0.373447
0.036640	0.372569
0.036650	0.371693
0.036660	0.370819
0.036670	0.369946
0.036680	0.369076
0.036690	0.368207
0.036700	0.367340
0.036710	0.366475
0.036720	0.365612
0.036730	0.364751
0.036740	0.363892
0.036750	0.363035
0.036760	0.362179
0.036770	0.361325
0.036780	0.360473
0.036790	0.359623
0.036800	0.358775
0.036810	0.357928
0.036820	0.357083
0.036830	0.356240
0.036840	0.355399
0.036850	0.354560
0.036860	0.353722
0.036870	0.352886
0.036880	0.352052
0.036890	0.351219
0.036900	0.350389
0.036910	0.349560
0.036920	0.348732
0.036930	0.347907
0.036940	0.347083
0.036950	0.346260
0.036960	0.345440
0.036970	0.344621
0.036980	0.343804
0.036990	0.342988
0.037000	0.342174
0.037010	0.341362
0.037020	0.340551
0.037030	0.339742
0.037040	0.338934
0.037050	0.338128
0.037060	0.337324
0.037070	0.336521
0.037080	0.335720
0.037090	0.334920
0.037100	0.334122
0.037110	0.333325
0.037120	0.332530
0.037130	0.331736
0.037140	0.330944
0.037150	0.330154
0.037160	0.329364
0.037170	0.328577
0.037180	0.327790
0.037190	0.327006
0.037200	0.326222
0.037210	0.325440
0.037220	0.324660
0.037230	0.323881
0.037240	0.323103
0.037250	0.322327
0.037260	0.321552
0.037270	0.320778
0.037280	0.320006
0.037290	0.319235
0.037300	0.318466
0.037310	0.317698
0.037320	0.316931
0.037330	0.316165
0.037340	0.315401
0.037350	0.314638
0.037360	0.313876
0.037370	0.313116
0.037380	0.312356
0.037390	0.311598
0.037400	0.310841
0.037410	0.310086
0.037420	0.309332
0.037430	0.308578
0.037440	0.307826
0.037450	0.307076
0.037460	0.306326
0.037470	0.305577
0.037480	0.304830
0.037490	0.304084
0.037500	0.303339
0.037510	0.302595
0.037520	0.301852
0.037530	0.301110
0.037540	0.300369
0.037550	0.299629
0.037560	0.298891
0.037570	0.298153
0.037580	0.297416
0.037590	0.296681
0.037600	0.295946
0.037610	0.295212
0.037620	0.294480
0.037630	0.293748
0.037640	0.293017
0.037650	0.292287
0.037660	0.291559
0.037670	0.290831
0.037680	0.290104
0.037690	0.289378
0.037700	0.288652
0.037710	0.287928
0.037720	0.287204
0.037730	0.286482
0.037740	0.285760
0.037750	0.285039
0.037760	0.284319
0.037770	0.283599
0.037780	0.282881
0.037790	0.282163
0.037800	0.281446
0.037810	0.280730
0.037820	0.280014
0.037830	0.279299
0.037840	0.278585
0.037850	0.277872
0.037860	0.277159
0.037870	0.276447
0.037880	0.275736
0.037890	0.275026
0.037900	0.274316
0.037910	0.273606
0.037920	0.272898
0.037930	0.272190
0.037940	0.271482
0.037950	0.270775
0.037960	0.270069
0.037970	0.269363
0.037980	0.268658
0.037990	0.267954
0.038000	0.267250
0.038010	0.266546
0.038020	0.265843
0.038030	0.265141
0.038040	0.264439
0.038050	0.263738
0.038060	0.263037
0.038070	0.262336
0.038080	0.261636
0.038090	0.260936
0.038100	0.260237
0.038110	0.259538
0.038120	0.258840
0.038130	0.258142
0.038140	0.257444
0.038150	0.256747
0.038160	0.256050
0.038170	0.255354
0.038180	0.254658
0.038190	0.253962
0.038200	0.253266
0.038210	0.252571
0.038220	0.251876
0.038230	0.251181
0.038240	0.250487
0.038250	0.249793
0.038260	0.249099
0.038270	0.248406
0.038280	0.247712
0.038290	0.247019
0.038300	0.246326
0.038310	0.245634
0.038320	0.244941
0.038330	0.244249
0.038340	0.243557
0.038350	0.242865
0.038360	0.242173
0.038370	0.241481
0.038380	0.240789
0.038390	0.240098
0.038400	0.239407
0.038410	0.238715
0.038420	0.238024
0.038430	0.237333
0.038440	0.236642
0.038450	0.235951
0.038460	0.235260
0.038470	0.234569
0.038480	0.233879
0.038490	0.233188
0.038500	0.232497
0.038510	0.231806
0.038520	0.231115
0.038530	0.230424
0.038540	0.229734
0.038550	0.229043
0.038560	0.228352
0.038570	0.227661
0.038580	0.226970
0.038590	0.226279
0.038600	0.225587
0.038610	0.224896
0.038620	0.224205
0.038630	0.223513
0.038640	0.222821
0.038650	0.222130
0.038660	0.221438
0.038670	0.220746
0.038680	0.220053
0.038690	0.219361
0.038700	0.218668
0.038710	0.217976
0.038720	0.217283
0.038730	0.216590
0.038740	0.215896
0.038750	0.215203
0.038760	0.214509
0.038770	0.213815
0.038780	0.213121
0.038790	0.212426
0.038800	0.211731
0.038810	0.211036
0.038820	0.210341
0.038830	0.209646
0.038840	0.208950
0.038850	0.208254
0.038860	0.207557
0.038870	0.206860
0.038880	0.206163
0.038890	0.205466
0.038900	0.204768
0.038910	0.204070
0.038920	0.203371
0.038930	0.202673
0.038940	0.201973
0.038950	0.201274
0.038960	0.200574
0.038970	0.199874
0.038980	0.199173
0.038990	0.198472
0.039000	0.197770
0.039010	0.197068
0.039020	0.196366
0.039030	0.195663
0.039040	0.194960
0.039050	0.194257
0.039060	0.193552
0.039070	0.192848
0.039080	0.192143
0.039090	0.191437
0.039100	0.190732
0.039110	0.190025
0.039120	0.189318
0.039130	0.188611
0.039140	0.187903
0.039150	0.187195
0.039160	0.186486
0.039170	0.185776
0.039180	0.185067
0.039190	0.184356
0.039200	0.183645
0.039210	0.182934
0.039220	0.182222
0.039230	0.181509
0.039240	0.180796
0.039250	0.180082
0.039260	0.179368
0.039270	0.178653
0.039280	0.177938
0.039290	0.177222
0.039300	0.176506
0.039310	0.175789
0.039320	0.175071
0.039330	0.174353
0.039340	0.173634
0.039350	0.172914
0.039360	0.172194
0.039370	0.171474
0.039380	0.170752
0.039390	0.170031
0.039400	0.169308
0.039410	0.168585
0.039420	0.167861
0.039430	0.167137
0.039440	0.166412
0.039450	0.165686
0.039460	0.164960
0.039470	0.164233
0.039480	0.163505
0.039490	0.162777
0.039500	0.162048
0.039510	0.161319
0.039520	0.160588
0.039530	0.159858
0.039540	0.159126
0.039550	0.158394
0.039560	0.157661
0.039570	0.156927
0.039580	0.156193
0.039590	0.155458
0.039600	0.154723
0.039610	0.153986
0.039620	0.153250
0.039630	0.152512
0.039640	0.151774
0.039650	0.151035
0.039660	0.150295
0.039670	0.149554
0.039680	0.148813
0.039690	0.148072
0.039700	0.147329
0.039710	0.146586
0.039720	0.145842
0.039730	0.145097
0.039740	0.144352
0.039750	0.143606
0.039760	0.142859
0.039770	0.142112
0.039780	0.141364
0.039790	0.140615
0.039800	0.139866
0.039810	0.139115
0.039820	0.138364
0.039830	0.137613
0.039840	0.136860
0.039850	0.136107
0.039860	0.135353
0.039870	0.134599
0.039880	0.133844
0.039890	0.133088
0.039900	0.132331
0.039910	0.131574
0.039920	0.130816
0.039930	0.130057
0.039940	0.129297
0.039950	0.128537
0.039960	0.127776
0.039970	0.127015
0.039980	0.126252
0.039990	0.125489
0.040000	0.124726
0.040010	0.123961
0.040020	0.123196
0.040030	0.122430
0.040040	0.121664
0.040050	0.120896
0.040060	0.120128
0.040070	0.119360
0.040080	0.118590
0.040090	0.117820
0.040100	0.117050
0.040110	0.116278
0.040120	0.115506
0.040130	0.114733
0.040140	0.113960
0.040150	0.113185
0.040160	0.112411
0.040170	0.111635
0.040180	0.110859
0.040190	0.110082
0.040200	0.109304
0.040210	0.108526
0.040220	0.107747
0.040230	0.106968
0.040240	0.106188
0.040250	0.105407
0.040260	0.104625
0.040270	0.103843
0.040280	0.103060
0.040290	0.102277
0.040300	0.101493
0.040310	0.100708
0.040320	0.099922
0.040330	0.099136
0.040340	0.098350
0.040350	0.097562
0.040360	0.096774
0.040370	0.095986
0.040380	0.095197
0.040390	0.094407
0.040400	0.093617
0.040410	0.092826
0.040420	0.092034
0.040430	0.091242
0.040440	0.090449
0.040450	0.089656
0.040460	0.088862
0.040470	0.088067
0.040480	0.087272
0.040490	0.086477
0.040500	0.085681
0.040510	0.084884
0.040520	0.084087
0.040530	0.083289
0.040540	0.082490
0.040550	0.081691
0.040560	0.080892
0.040570	0.080092
0.040580	0.079291
0.040590	0.078490
0.040600	0.077689
0.040610	0.076887
0.040620	0.076084
0.040630	0.075281
0.040640	0.074477
0.040650	0.073673
0.040660	0.072869
0.040670	0.072064
0.040680	0.071258
0.040690	0.070453
0.040700	0.069646
0.040710	0.068839
0.040720	0.068032
0.040730	0.067224
0.040740	0.066416
0.040750	0.065608
0.040760	0.064799
0.040770	0.063989
0.040780	0.063180
0.040790	0.062369
0.040800	0.061559
0.040810	0.060748
0.040820	0.059936
0.040830	0.059125
0.040840	0.058313
0.040850	0.057500
0.040860	0.056687
0.040870	0.055874
0.040880	0.055061
0.040890	0.054247
0.040900	0.053433
0.040910	0.052618
0.040920	0.051804
0.040930	0.050989
0.040940	0.050173
0.040950	0.049358
0.040960	0.048542
0.040970	0.047726
0.040980	0.046909
0.040990	0.046092
0.041000	0.045275
0.041010	0.044458
0.041020	0.043641
0.041030	0.042823
0.041040	0.042005
0.041050	0.041187
0.041060	0.040369
0.041070	0.039551
0.041080	0.038732
0.041090	0.037913
0.041100	0.037094
0.041110	0.036275
0.041120	0.035456
0.041130	0.034636
0.041140	0.033817
0.041150	0.032997
0.041160	0.032177
0.041170	0.031357
0.041180	0.030537
0.041190	0.029717
0.041200	0.028897
0.041210	0.028077
0.041220	0.027257
0.041230	0.026436
0.041240	0.025616
0.041250	0.024795
0.041260	0.023975
0.041270	0.023154
0.041280	0.022334
0.041290	0.021513
0.041300	0.020693
0.041310	0.019872
0.041320	0.019052
0.041330	0.018232
0.041340	0.017411
0.041350	0.016591
0.041360	0.015771
0.041370	0.014951
0.041380	0.014131
0.041390	0.013311
0.041400	0.012491
0.041410	0.011671
0.041420	0.010851
0.041430	0.010032
0.041440	0.009212
0.041450	0.008393
0.041460	0.007574
0.041470	0.006755
0.041480	0.005937
0.041490	0.005118
0.041500	0.004300
0.041510	0.003482
0.041520	0.002664
0.041530	0.001846
0.041540	0.001029
0.041550	0.000211
0.041560	-0.000605
0.041570	-0.001422
0.041580	-0.002238
0.041590	-0.003054
0.041600	-0.003870
0.041610	-0.004686
0.041620	-0.005501
0.041630	-0.006315
0.041640	-0.007130
0.041650	-0.007944
0.041660	-0.008758
0.041670	-0.009571
0.041680	-0.010384
0.041690	-0.011197
0.041700	-0.012009
0.041710	-0.012820
0.041720	-0.013632
0.041730	-0.014443
0.041740	-0.015253
0.041750	-0.016063
0.041760	-0.016873
0.041770	-0.017682
0.041780	-0.018490
0.041790	-0.019298
0.041800	-0.020106
0.041810	-0.020913
0.041820	-0.021719
0.041830	-0.022525
0.041840	-0.023331
0.041850	-0.024135
0.041860	-0.024940
0.041870	-0.025743
0.041880	-0.026546
0.041890	-0.027349
0.041900	-0.028150
0.041910	-0.028952
0.041920	-0.029752
0.041930	-0.030552
0.041940	-0.031351
0.041950	-0.032150
0.041960	-0.032948
0.041970	-0.033745
0.041980	-0.034541
0.041990	-0.035337
0.042000	-0.036132
0.042010	-0.036927
0.042020	-0.037720
0.042030	-0.038513
0.042040	-0.039305
0.042050	-0.040096
0.042060	-0.040887
0.042070	-0.041676
0.042080	-0.042465
0.042090	-0.043253
0.042100	-0.044040
0.042110	-0.044827
0.042120	-0.045612
0.042130	-0.046397
0.042140	-0.047180
0.042150	-0.047963
0.042160	-0.048745
0.042170	-0.049526
0.042180	-0.050306
0.042190	-0.051085
0.042200	-0.051863
0.042210	-0.052641
0.042220	-0.053417
0.042230	-0.054192
0.042240	-0.054966
0.042250	-0.055740
0.042260	-0.056512
0.042270	-0.057283
0.042280	-0.058053
0.042290	-0.058823
0.042300	-0.059591
0.042310	-0.060358
0.042320	-0.061124
0.042330	-0.061889
0.042340	-0.062652
0.042350	-0.063415
0.042360	-0.064177
0.042370	-0.064937
0.042380	-0.065696
0.042390	-0.066454
0.042400	-0.067211
0.042410	-0.067967
0.042420	-0.068722
0.042430	-0.069475
0.042440	-0.070227
0.042450	-0.070978
0.042460	-0.071728
0.042470	-0.072476
0.042480	-0.073224
0.042490	-0.073970
0.042500	-0.074714
0.042510	-0.075458
0.042520	-0.076200
0.042530	-0.076941
0.042540	-0.077680
0.042550	-0.078418
0.042560	-0.079155
0.042570	-0.079891
0.042580	-0.080625
0.042590	-0.081358
0.042600	-0.082089
0.042610	-0.082819
0.042620	-0.083548
0.042630	-0.084275
0.042640	-0.085001
0.042650	-0.085725
0.042660	-0.086448
0.042670	-0.087169
0.042680	-0.087889
0.042690	-0.088608
0.042700	-0.089325
0.042710	-0.090040
0.042720	-0.090754
0.042730	-0.091467
0.042740	-0.092178
0.042750	-0.092887
0.042760	-0.093595
0.042770	-0.094301
0.042780	-0.095006
0.042790	-0.095709
0.042800	-0.096411
0.042810	-0.097111
0.042820	-0.097809
0.042830	-0.098506
0.042840	-0.099201
0.042850	-0.099895
0.042860	-0.100587
0.042870	-0.101277
0.042880	-0.101966
0.042890	-0.102653
0.042900	-0.103338
0.042910	-0.104021
0.042920	-0.104703
0.042930	-0.105383
0.042940	-0.106062
0.042950	-0.106738
0.042960	-0.107413
0.042970	-0.108086
0.042980	-0.108758
0.042990	-0.109427
0.043000	-0.110095
0.043010	-0.110761
0.043020	-0.111425
0.043030	-0.112088
0.043040	-0.112748
0.043050	-0.113407
0.043060	-0.114064
0.043070	-0.114719
0.043080	-0.115373
0.043090	-0.116024
0.043100	-0.116674
0.043110	-0.117321
0.043120	-0.117967
0.043130	-0.118611
0.043140	-0.119253
0.043150	-0.119893
0.043160	-0.120531
0.043170	-0.121167
0.043180	-0.121801
0.043190	-0.122434
0.043200	-0.123064
0.043210	-0.123692
0.043220	-0.124319
0.043230	-0.124943
0.043240	-0.125565
0.043250	-0.126186
0.043260	-0.126804
0.043270	-0.127420
0.043280	-0.128035
0.043290	-0.128647
0.043300	-0.129257
0.043310	-0.129865
0.043320	-0.130472
0.043330	-0.131076
0.043340	-0.131678
0.043350	-0.132277
0.043360	-0.132875
0.043370	-0.133471
0.043380	-0.134065
0.043390	-0.134656
0.043400	-0.135245
0.043410	-0.135833
0.043420	-0.136418
0.043430	-0.137001
0.043440	-0.137581
0.043450	-0.138160
0.043460	-0.138736
0.043470	-0.139311
0.043480	-0.139883
0.043490	-0.140453
0.043500	-0.141020
0.043510	-0.141586
0.043520	-0.142149
0.043530	-0.142710
0.043540	-0.143269
0.043550	-0.143825
0.043560	-0.144380
0.043570	-0.144932
0.043580	-0.145482
0.043590	-0.146029
0.043600	-0.146575
0.043610	-0.147118
0.043620	-0.147658
0.043630	-0.148197
0.043640	-0.148733
0.043650	-0.149267
0.043660	-0.149799
0.043670	-0.150328
0.043680	-0.150855
0.043690	-0.151379
0.043700	-0.151902
0.043710	-0.152422
0.043720	-0.152939
0.043730	-0.153454
0.043740	-0.153967
0.043750	-0.154478
0.043760	-0.154986
0.043770	-0.155492
0.043780	-0.155995
0.043790	-0.156496
0.043800	-0.156995
0.043810	-0.157491
0.043820	-0.157985
0.043830	-0.158476
0.043840	-0.158965
0.043850	-0.159452
0.043860	-0.159936
0.043870	-0.160418
0.043880	-0.160897
0.043890	-0.161374
0.043900	-0.161848
0.043910	-0.162320
0.043920	-0.162790
0.043930	-0.163257
0.043940	-0.163721
0.043950	-0.164184
0.043960	-0.164643
0.043970	-0.165100
0.043980	-0.165555
0.043990	-0.166007
0.044000	-0.166457
0.044010	-0.166904
0.044020	-0.167349
0.044030	-0.167791
0.044040	-0.168231
0.044050	-0.168668
0.044060	-0.169103
0.044070	-0.169535
0.044080	-0.169965
0.044090	-0.170392
0.044100	-0.170816
0.044110	-0.171238
0.044120	-0.171658
0.044130	-0.172075
0.044140	-0.172489
0.044150	-0.172901
0.044160	-0.173310
0.044170	-0.173717
0.044180	-0.174121
0.044190	-0.174523
0.044200	-0.174922
0.044210	-0.175319
0.044220	-0.175713
0.044230	-0.176104
0.044240	-0.176493
0.044250	-0.176879
0.044260	-0.177262
0.044270	-0.177643
0.044280	-0.178022
0.044290	-0.178398
0.044300	-0.178771
0.044310	-0.179142
0.044320	-0.179510
0.044330	-0.179875
0.044340	-0.180238
0.044350	-0.180598
0.044360	-0.180956
0.044370	-0.181311
0.044380	-0.181663
0.044390	-0.182013
0.044400	-0.182360
0.044410	-0.182705
0.044420	-0.183047
0.044430	-0.183386
0.044440	-0.183723
0.044450	-0.184057
0.044460	-0.184388
0.044470	-0.184717
0.044480	-0.185043
0.044490	-0.185367
0.044500	-0.185688
0.044510	-0.186006
0.044520	-0.186322
0.044530	-0.186635
0.044540	-0.186945
0.044550	-0.187253
0.044560	-0.187558
0.044570	-0.187861
0.044580	-0.188160
0.044590	-0.188458
0.044600	-0.188752
0.044610	-0.189044
0.044620	-0.189333
0.044630	-0.189620
0.044640	-0.189904
0.044650	-0.190185
0.044660	-0.190464
0.044670	-0.190740
0.044680	-0.191013
0.044690	-0.191284
0.044700	-0.191552
0.044710	-0.191818
0.044720	-0.192080
0.044730	-0.192341
0.044740	-0.192598
0.044750	-0.192853
0.044760	-0.193105
0.044770	-0.193355
0.044780	-0.193602
0.044790	-0.193846
0.044800	-0.194088
0.044810	-0.194327
0.044820	-0.194563
0.044830	-0.194797
0.044840	-0.195028
0.044850	-0.195257
0.044860	-0.195482
0.044870	-0.195706
0.044880	-0.195926
0.044890	-0.196144
0.044900	-0.196359
0.044910	-0.196572
0.044920	-0.196782
0.044930	-0.196989
0.044940	-0.197194
0.044950	-0.197396
0.044960	-0.197596
0.044970	-0.197793
0.044980	-0.197987
0.044990	-0.198179
0.045000	-0.198368
0.045010	-0.198554
0.045020	-0.198738
0.045030	-0.198919
0.045040	-0.199098
0.045050	-0.199274
0.045060	-0.199447
0.045070	-0.199618
0.045080	-0.199786
0.045090	-0.199952
0.045100	-0.200115
0.045110	-0.200275
0.045120	-0.200433
0.045130	-0.200588
0.045140	-0.200741
0.045150	-0.200891
0.045160	-0.201038
0.045170	-0.201183
0.045180	-0.201325
0.045190	-0.201465
0.045200	-0.201602
0.045210	-0.201737
0.045220	-0.201869
0.045230	-0.201999
0.045240	-0.202125
0.045250	-0.202250
0.045260	-0.202372
0.045270	-0.202491
0.045280	-0.202608
0.045290	-0.202722
0.045300	-0.202834
0.045310	-0.202943
0.045320	-0.203049
0.045330	-0.203153
0.045340	-0.203255
0.045350	-0.203354
0.045360	-0.203450
0.045370	-0.203544
0.045380	-0.203636
0.045390	-0.203725
0.045400	-0.203811
0.045410	-0.203896
0.045420	-0.203977
0.045430	-0.204056
0.045440	-0.204133
0.045450	-0.204207
0.045460	-0.204278
0.045470	-0.204347
0.045480	-0.204414
0.045490	-0.204478
0.045500	-0.204540
0.045510	-0.204599
0.045520	-0.204656
0.045530	-0.204711
0.045540	-0.204763
0.045550	-0.204812
0.045560	-0.204859
0.045570	-0.204904
0.045580	-0.204946
0.045590	-0.204986
0.045600	-0.205024
0.045610	-0.205059
0.045620	-0.205092
0.045630	-0.205122
0.045640	-0.205150
0.045650	-0.205175
0.045660	-0.205199
0.045670	-0.205219
0.045680	-0.205238
0.045690	-0.205254
0.045700	-0.205268
0.045710	-0.205279
0.045720	-0.205288
0.045730	-0.205295
0.045740	-0.205299
0.045750	-0.205301
0.045760	-0.205301
0.045770	-0.205298
0.045780	-0.205293
0.045790	-0.205286
0.045800	-0.205277
0.045810	-0.205265
0.045820	-0.205251
0.045830	-0.205235
0.045840	-0.205216
0.045850	-0.205195
0.045860	-0.205172
0.045870	-0.205147
0.045880	-0.205119
0.045890	-0.205089
0.045900	-0.205057
0.045910	-0.205023
0.045920	-0.204986
0.045930	-0.204948
0.045940	-0.204907
0.045950	-0.204864
0.045960	-0.204818
0.045970	-0.204771
0.045980	-0.204721
0.045990	-0.204669
0.046000	-0.204615
0.046010	-0.204559
0.046020	-0.204501
0.046030	-0.204440
0.046040	-0.204377
0.046050	-0.204313
0.046060	-0.204246
0.046070	-0.204177
0.046080	-0.204106
0.046090	-0.204033
0.046100	-0.203957
0.046110	-0.203880
0.046120	-0.203800
0.046130	-0.203719
0.046140	-0.203635
0.046150	-0.203550
0.046160	-0.203462
0.046170	-0.203372
0.046180	-0.203280
0.046190	-0.203187
0.046200	-0.203091
0.046210	-0.202993
0.046220	-0.202893
0.046230	-0.202791
0.046240	-0.202687
0.046250	-0.202582
0.046260	-0.202474
0.046270	-0.202364
0.046280	-0.202252
0.046290	-0.202139
0.046300	-0.202023
0.046310	-0.201905
0.046320	-0.201786
0.046330	-0.201664
0.046340	-0.201541
0.046350	-0.201416
0.046360	-0.201289
0.046370	-0.201160
0.046380	-0.201029
0.046390	-0.200896
0.046400	-0.200761
0.046410	-0.200625
0.046420	-0.200487
0.046430	-0.200347
0.046440	-0.200205
0.046450	-0.200061
0.046460	-0.199915
0.046470	-0.199768
0.046480	-0.199618
0.046490	-0.199467
0.046500	-0.199315
0.046510	-0.199160
0.046520	-0.199004
0.046530	-0.198845
0.046540	-0.198686
0.046550	-0.198524
0.046560	-0.198361
0.046570	-0.198196
0.046580	-0.198029
0.046590	-0.197860
0.046600	-0.197690
0.046610	-0.197518
0.046620	-0.197345
0.046630	-0.197170
0.046640	-0.196993
0.046650	-0.196814
0.046660	-0.196634
0.046670	-0.196452
0.046680	-0.196269
0.046690	-0.196084
0.046700	-0.195897
0.046710	-0.195709
0.046720	-0.195519
0.046730	-0.195328
0.046740	-0.195134
0.046750	-0.194940
0.046760	-0.194744
0.046770	-0.194546
0.046780	-0.194347
0.046790	-0.194146
0.046800	-0.193944
0.046810	-0.193740
0.046820	-0.193535
0.046830	-0.193328
0.046840	-0.193120
0.046850	-0.192910
0.046860	-0.192699
0.046870	-0.192486
0.046880	-0.192272
0.046890	-0.192056
0.046900	-0.191839
0.046910	-0.191621
0.046920	-0.191401
0.046930	-0.191180
0.046940	-0.190957
0.046950	-0.190733
0.046960	-0.190507
0.046970	-0.190281
0.046980	-0.190052
0.046990	-0.189823
0.047000	-0.189592
0.047010	-0.189360
0.047020	-0.189126
0.047030	-0.188892
0.047040	-0.188655
0.047050	-0.188418
0.047060	-0.188179
0.047070	-0.187939
0.047080	-0.187698
0.047090	-0.187456
0.047100	-0.187212
0.047110	-0.186967
0.047120	-0.186720
0.047130	-0.186473
0.047140	-0.186224
0.047150	-0.185974
0.047160	-0.185723
0.047170	-0.185471
0.047180	-0.185218
0.047190	-0.184963
0.047200	-0.184707
0.047210	-0.184450
0.047220	-0.184192
0.047230	-0.183933
0.047240	-0.183673
0.047250	-0.183411
0.047260	-0.183149
0.047270	-0.182885
0.047280	-0.182620
0.047290	-0.182354
0.047300	-0.182087
0.047310	-0.181819
0.047320	-0.181550
0.047330	-0.181280
0.047340	-0.181009
0.047350	-0.180737
0.047360	-0.180464
0.047370	-0.180190
0.047380	-0.179915
0.047390	-0.179639
0.047400	-0.179362
0.047410	-0.179084
0.047420	-0.178805
0.047430	-0.178525
0.047440	-0.178244
0.047450	-0.177962
0.047460	-0.177679
0.047470	-0.177396
0.047480	-0.177111
0.047490	-0.176825
0.047500	-0.176539
0.047510	-0.176252
0.047520	-0.175964
0.047530	-0.175675
0.047540	-0.175385
0.047550	-0.175094
0.047560	-0.174803
0.047570	-0.174511
0.047580	-0.174217
0.047590	-0.173923
0.047600	-0.173629
0.047610	-0.173333
0.047620	-0.173037
0.047630	-0.172740
0.047640	-0.172442
0.047650	-0.172143
0.047660	-0.171844
0.047670	-0.171544
0.047680	-0.171243
0.047690	-0.170942
0.047700	-0.170639
0.047710	-0.170336
0.047720	-0.170033
0.047730	-0.169729
0.047740	-0.169424
0.047750	-0.169118
0.047760	-0.168812
0.047770	-0.168505
0.047780	-0.168197
0.047790	-0.167889
0.047800	-0.167580
0.047810	-0.167271
0.047820	-0.166961
0.047830	-0.166650
0.047840	-0.166339
0.047850	-0.166027
0.047860	-0.165714
0.047870	-0.165401
0.047880	-0.165088
0.047890	-0.164774
0.047900	-0.164459
0.047910	-0.164144
0.047920	-0.163829
0.047930	-0.163512
0.047940	-0.163196
0.047950	-0.162879
0.047960	-0.162561
0.047970	-0.162243
0.047980	-0.161924
0.047990	-0.161605
0.048000	-0.161286
0.048010	-0.160966
0.048020	-0.160645
0.048030	-0.160325
0.048040	-0.160003
0.048050	-0.159682
0.048060	-0.159360
0.048070	-0.159037
0.048080	-0.158715
0.048090	-0.158391
0.048100	-0.158068
0.048110	-0.157744
0.048120	-0.157419
0.048130	-0.157095
0.048140	-0.156770
0.048150	-0.156445
0.048160	-0.156119
0.048170	-0.155793
0.048180	-0.155467
0.048190	-0.155140
0.048200	-0.154813
0.048210	-0.154486
0.048220	-0.154159
0.048230	-0.153831
0.048240	-0.153503
0.048250	-0.153175
0.048260	-0.152846
0.048270	-0.152518
0.048280	-0.152189
0.048290	-0.151860
0.048300	-0.151530
0.048310	-0.151201
0.048320	-0.150871
0.048330	-0.150541
0.048340	-0.150211
0.048350	-0.149880
0.048360	-0.149550
0.048370	-0.149219
0.048380	-0.148888
0.048390	-0.148557
0.048400	-0.148226
0.048410	-0.147895
0.048420	-0.147564
0.048430	-0.147232
0.048440	-0.146901
0.048450	-0.146569
0.048460	-0.146237
0.048470	-0.145905
0.048480	-0.145573
0.048490	-0.145241
0.048500	-0.144909
0.048510	-0.144577
0.048520	-0.144244
0.048530	-0.143912
0.048540	-0.143580
0.048550	-0.143247
0.048560	-0.142915
0.048570	-0.142582
0.048580	-0.142250
0.048590	-0.141917
0.048600	-0.141585
0.048610	-0.141252
0.048620	-0.140920
0.048630	-0.140588
0.048640	-0.140255
0.048650	-0.139923
0.048660	-0.139590
0.048670	-0.139258
0.048680	-0.138926
0.048690	-0.138593
0.048700	-0.138261
0.048710	-0.137929
0.048720	-0.137597
0.048730	-0.137265
0.048740	-0.136933
0.048750	-0.136601
0.048760	-0.136270
0.048770	-0.135938
0.048780	-0.135607
0.048790	-0.135275
0.048800	-0.134944
0.048810	-0.134613
0.048820	-0.134282
0.048830	-0.133951
0.048840	-0.133621
0.048850	-0.133290
0.048860	-0.132960
0.048870	-0.132629
0.048880	-0.132299
0.048890	-0.131969
0.048900	-0.131640
0.048910	-0.131310
0.048920	-0.130981
0.048930	-0.130652
0.048940	-0.130323
0.048950	-0.129994
0.048960	-0.129666
0.048970	-0.129337
0.048980	-0.129009
0.048990	-0.128681
0.049000	-0.128354
0.049010	-0.128026
0.049020	-0.127699
0.049030	-0.127373
0.049040	-0.127046
0.049050	-0.126720
0.049060	-0.126393
0.049070	-0.126068
0.049080	-0.125742
0.049090	-0.125417
0.049100	-0.125092
0.049110	-0.124767
0.049120	-0.124443
0.049130	-0.124119
0.049140	-0.123795
0.049150	-0.123471
0.049160	-0.123148
0.049170	-0.122825
0.049180	-0.122503
0.049190	-0.122181
0.049200	-0.121859
0.049210	-0.121537
0.049220	-0.121216
0.049230	-0.120895
0.049240	-0.120575
0.049250	-0.120254
0.049260	-0.119935
0.049270	-0.119615
0.049280	-0.119296
0.049290	-0.118977
0.049300	-0.118659
0.049310	-0.118341
0.049320	-0.118024
0.049330	-0.117706
0.049340	-0.117390
0.049350	-0.117073
0.049360	-0.116757
0.049370	-0.116442
0.049380	-0.116126
0.049390	-0.115812
0.049400	-0.115497
0.049410	-0.115183
0.049420	-0.114870
0.049430	-0.114557
0.049440	-0.114244
0.049450	-0.113932
0.049460	-0.113620
0.049470	-0.113309
0.049480	-0.112998
0.049490	-0.112687
0.049500	-0.112377
0.049510	-0.112068
0.049520	-0.111758
0.049530	-0.111450
0.049540	-0.111142
0.049550	-0.110834
0.049560	-0.110527
0.049570	-0.110220
0.049580	-0.109913
0.049590	-0.109608
0.049600	-0.109302
0.049610	-0.108997
0.049620	-0.108693
0.049630	-0.108389
0.049640	-0.108086
0.049650	-0.107783
0.049660	-0.107480
0.049670	-0.107179
0.049680	-0.106877
0.049690	-0.106576
0.049700	-0.106276
0.049710	-0.105976
0.049720	-0.105677
0.049730	-0.105378
0.049740	-0.105080
0.049750	-0.104782
0.049760	-0.104484
0.049770	-0.104188
0.049780	-0.103891
0.049790	-0.103596
0.049800	-0.103301
0.049810	-0.103006
0.049820	-0.102712
0.049830	-0.102418
0.049840	-0.102125
0.049850	-0.101833
0.049860	-0.101541
0.049870	-0.101250
0.049880	-0.100959
0.049890	-0.100669
0.049900	-0.100379
0.049910	-0.100090
0.049920	-0.099801
0.049930	-0.099513
0.049940	-0.099226
0.049950	-0.098939
0.049960	-0.098653
0.049970	-0.098367
0.049980	-0.098082
0.049990	-0.097797
0.050000	-0.097513
