0.000000	0.000000
0.000010	0.000000
0.000020	0.000000
0.000030	0.000000
0.000040	0.000000
0.000050	0.000000
0.000060	0.000000
0.000070	0.000000
0.000080	0.000000
0.000090	0.000000
0.000100	0.000000
0.000110	0.000000
0.000120	0.000000
0.000130	0.000000
0.000140	0.000000
0.000150	0.000000
0.000160	0.000000
0.000170	0.000000
0.000180	0.000000
0.000190	0.000000
0.000200	0.000000
0.000210	0.000000
0.000220	0.000000
0.000230	0.000000
0.000240	0.000000
0.000250	0.000000
0.000260	0.000000
0.000270	0.000000
0.000280	0.000000
0.000290	0.000000
0.000300	0.000000
0.000310	0.000000
0.000320	0.000001
0.000330	0.000001
0.000340	0.000001
0.000350	0.000001
0.000360	0.000001
0.000370	0.000001
0.000380	0.000001
0.000390	0.000001
0.000400	0.000001
0.000410	0.000001
0.000420	0.000002
0.000430	0.000002
0.000440	0.000002
0.000450	0.000002
0.000460	0.000002
0.000470	0.000002
0.000480	0.000003
0.000490	0.000003
0.000500	0.000003
0.000510	0.000003
0.000520	0.000004
0.000530	0.000004
0.000540	0.000004
0.000550	0.000005
0.000560	0.000005
0.000570	0.000005
0.000580	0.000006
0.000590	0.000006
0.000600	0.000006
0.000610	0.000007
0.000620	0.000007
0.000630	0.000008
0.000640	0.000008
0.000650	0.000009
0.000660	0.000009
0.000670	0.000010
0.000680	0.000010
0.000690	0.000011
0.000700	0.000012
0.000710	0.000012
0.000720	0.000013
0.000730	0.000014
0.000740	0.000015
0.000750	0.000015
0.000760	0.000016
0.000770	0.000017
0.000780	0.000018
0.000790	0.000019
0.000800	0.000020
0.000810	0.000021
0.000820	0.000022
0.000830	0.000023
0.000840	0.000024
0.000850	0.000025
0.000860	0.000026
0.000870	0.000027
0.000880	0.000029
0.000890	0.000030
0.000900	0.000031
0.000910	0.000033
0.000920	0.000034
0.000930	0.000036
0.000940	0.000037
0.000950	0.000039
0.000960	0.000040
0.000970	0.000042
0.000980	0.000044
0.000990	0.000045
0.001000	0.000047
0.001010	0.000049
0.001020	0.000051
0.001030	0.000053
0.001040	0.000055
0.001050	0.000057
0.001060	0.000059
0.001070	0.000061
0.001080	0.000064
0.001090	0.000066
0.001100	0.000068
0.001110	0.000071
0.001120	0.000073
0.001130	0.000076
0.001140	0.000078
0.001150	0.000081
0.001160	0.000084
0.001170	0.000087
0.001180	0.000090
0.001190	0.000093
0.001200	0.000096
0.001210	0.000099
0.001220	0.000102
0.001230	0.000105
0.001240	0.000108
0.001250	0.000112
0.001260	0.000115
0.001270	0.000119
0.001280	0.000122
0.001290	0.000126
0.001300	0.000130
0.001310	0.000134
0.001320	0.000138
0.001330	0.000142
0.001340	0.000146
0.001350	0.000150
0.001360	0.000155
0.001370	0.000159
0.001380	0.000163
0.001390	0.000168
0.001400	0.000173
0.001410	0.000177
0.001420	0.000182
0.001430	0.000187
0.001440	0.000192
0.001450	0.000197
0.001460	0.000203
0.001470	0.000208
0.001480	0.000213
0.001490	0.000219
0.001500	0.000225
0.001510	0.000230
0.001520	0.000236
0.001530	0.000242
0.001540	0.000248
0.001550	0.000254
0.001560	0.000261
0.001570	0.000267
0.001580	0.000274
0.001590	0.000280
0.001600	0.000287
0.001610	0.000294
0.001620	0.000301
0.001630	0.000308
0.001640	0.000315
0.001650	0.000322
0.001660	0.000330
0.001670	0.000337
0.001680	0.000345
0.001690	0.000353
0.001700	0.000361
0.001710	0.000369
0.001720	0.000377
0.001730	0.000385
0.001740	0.000394
0.001750	0.000402
0.001760	0.000411
0.001770	0.000420
0.001780	0.000429
0.001790	0.000438
0.001800	0.000447
0.001810	0.000457
0.001820	0.000466
0.001830	0.000476
0.001840	0.000486
0.001850	0.000496
0.001860	0.000506
0.001870	0.000516
0.001880	0.000526
0.001890	0.000537
0.001900	0.000548
0.001910	0.000558
0.001920	0.000569
0.001930	0.000581
0.001940	0.000592
0.001950	0.000603
0.001960	0.000615
0.001970	0.000627
0.001980	0.000638
0.001990	0.000650
0.002000	0.000663
0.002010	0.000675
0.002020	0.000688
0.002030	0.000700
0.002040	0.000713
0.002050	0.000726
0.002060	0.000739
0.002070	0.000753
0.002080	0.000766
0.002090	0.000780
0.002100	0.000794
0.002110	0.000808
0.002120	0.000822
0.002130	0.000836
0.002140	0.000851
0.002150	0.000866
0.002160	0.000880
0.002170	0.000896
0.002180	0.000911
0.002190	0.000926
0.002200	0.000942
0.002210	0.000958
0.002220	0.000974
0.002230	0.000990
0.002240	0.001006
0.002250	0.001023
0.002260	0.001039
0.002270	0.001056
0.002280	0.001073
0.002290	0.001091
0.002300	0.001108
0.002310	0.001126
0.002320	0.001144
0.002330	0.001162
0.002340	0.001180
0.002350	0.001198
0.002360	0.001217
0.002370	0.001236
0.002380	0.001255
0.002390	0.001274
0.002400	0.001293
0.002410	0.001313
0.002420	0.001333
0.002430	0.001353
0.002440	0.001373
0.002450	0.001393
0.002460	0.001414
0.002470	0.001435
0.002480	0.001456
0.002490	0.001477
0.002500	0.001499
0.002510	0.001520
0.002520	0.001542
0.002530	0.001564
0.002540	0.001587
0.002550	0.001609
0.002560	0.001632
0.002570	0.001655
0.002580	0.001678
0.002590	0.001701
0.002600	0.001725
0.002610	0.001749
0.002620	0.001773
0.002630	0.001797
0.002640	0.001822
0.002650	0.001846
0.002660	0.001871
0.002670	0.001896
0.002680	0.001922
0.002690	0.001947
0.002700	0.001973
0.002710	0.001999
0.002720	0.002026
0.002730	0.002052
0.002740	0.002079
0.002750	0.002106
0.002760	0.002133
0.002770	0.002160
0.002780	0.002188
0.002790	0.002216
0.002800	0.002244
0.002810	0.002273
0.002820	0.002301
0.002830	0.002330
0.002840	0.002359
0.002850	0.002388
0.002860	0.002418
0.002870	0.002448
0.002880	0.002478
0.002890	0.002508
0.002900	0.002539
0.002910	0.002569
0.002920	0.002600
0.002930	0.002631
0.002940	0.002663
0.002950	0.002695
0.002960	0.002727
0.002970	0.002759
0.002980	0.002791
0.002990	0.002824
0.003000	0.002857
0.003010	0.002890
0.003020	0.002924
0.003030	0.002957
0.003040	0.002991
0.003050	0.003025
0.003060	0.003060
0.003070	0.003095
0.003080	0.003130
0.003090	0.003165
0.003100	0.003200
0.003110	0.003236
0.003120	0.003272
0.003130	0.003308
0.003140	0.003344
0.003150	0.003381
0.003160	0.003418
0.003170	0.003455
0.003180	0.003493
0.003190	0.003531
0.003200	0.003569
0.003210	0.003607
0.003220	0.003645
0.003230	0.003684
0.003240	0.003723
0.003250	0.003762
0.003260	0.003802
0.003270	0.003842
0.003280	0.003882
0.003290	0.003922
0.003300	0.003963
0.003310	0.004004
0.003320	0.004045
0.003330	0.004086
0.003340	0.004128
0.003350	0.004170
0.003360	0.004212
0.003370	0.004254
0.003380	0.004297
0.003390	0.004340
0.003400	0.004383
0.003410	0.004426
0.003420	0.004470
0.003430	0.004514
0.003440	0.004558
0.003450	0.004603
0.003460	0.004648
0.003470	0.004693
0.003480	0.004738
0.003490	0.004784
0.003500	0.004830
0.003510	0.004876
0.003520	0.004922
0.003530	0.004969
0.003540	0.005016
0.003550	0.005063
0.003560	0.005110
0.003570	0.005158
0.003580	0.005206
0.003590	0.005254
0.003600	0.005303
0.003610	0.005352
0.003620	0.005401
0.003630	0.005450
0.003640	0.005500
0.003650	0.005549
0.003660	0.005600
0.003670	0.005650
0.003680	0.005701
0.003690	0.005752
0.003700	0.005803
0.003710	0.005854
0.003720	0.005906
0.003730	0.005958
0.003740	0.006010
0.003750	0.006063
0.003760	0.006115
0.003770	0.006169
0.003780	0.006222
0.003790	0.006275
0.003800	0.006329
0.003810	0.006383
0.003820	0.006438
0.003830	0.006493
0.003840	0.006547
0.003850	0.006603
0.003860	0.006658
0.003870	0.006714
0.003880	0.006770
0.003890	0.006826
0.003900	0.006883
0.003910	0.006939
0.003920	0.006996
0.003930	0.007054
0.003940	0.007111
0.003950	0.007169
0.003960	0.007227
0.003970	0.007286
0.003980	0.007344
0.003990	0.007403
0.004000	0.007462
0.004010	0.007522
0.004020	0.007582
0.004030	0.007642
0.004040	0.007702
0.004050	0.007762
0.004060	0.007823
0.004070	0.007884
0.004080	0.007945
0.004090	0.008007
0.004100	0.008069
0.004110	0.008131
0.004120	0.008193
0.004130	0.008255
0.004140	0.008318
0.004150	0.008381
0.004160	0.008445
0.004170	0.008508
0.004180	0.008572
0.004190	0.008636
0.004200	0.008701
0.004210	0.008765
0.004220	0.008830
0.004230	0.008895
0.004240	0.008961
0.004250	0.009026
0.004260	0.009092
0.004270	0.009158
0.004280	0.009225
0.004290	0.009291
0.004300	0.009358
0.004310	0.009425
0.004320	0.009493
0.004330	0.009560
0.004340	0.009628
0.004350	0.009696
0.004360	0.009765
0.004370	0.009833
0.004380	0.009902
0.004390	0.009971
0.004400	0.010041
0.004410	0.010110
0.004420	0.010180
0.004430	0.010250
0.004440	0.010321
0.004450	0.010391
0.004460	0.010462
0.004470	0.010533
0.004480	0.010604
0.004490	0.010676
0.004500	0.010748
0.004510	0.010820
0.004520	0.010892
0.004530	0.010965
0.004540	0.011037
0.004550	0.011110
0.004560	0.011183
0.004570	0.011257
0.004580	0.011331
0.004590	0.011404
0.004600	0.011479
0.004610	0.011553
0.004620	0.011628
0.004630	0.011702
0.004640	0.011777
0.004650	0.011853
0.004660	0.011928
0.004670	0.012004
0.004680	0.012080
0.004690	0.012156
0.004700	0.012232
0.004710	0.012309
0.004720	0.012386
0.004730	0.012463
0.004740	0.012540
0.004750	0.012618
0.004760	0.012695
0.004770	0.012773
0.004780	0.012852
0.004790	0.012930
0.004800	0.013008
0.004810	0.013087
0.004820	0.013166
0.004830	0.013246
0.004840	0.013325
0.004850	0.013405
0.004860	0.013484
0.004870	0.013564
0.004880	0.013645
0.004890	0.013725
0.004900	0.013806
0.004910	0.013887
0.004920	0.013968
0.004930	0.014049
0.004940	0.014131
0.004950	0.014212
0.004960	0.014294
0.004970	0.014376
0.004980	0.014458
0.004990	0.014541
0.005000	0.014624
0.005010	0.014706
0.005020	0.014789
0.005030	0.014873
0.005040	0.014956
0.005050	0.015040
0.005060	0.015124
0.005070	0.015208
0.005080	0.015292
0.005090	0.015376
0.005100	0.015461
0.005110	0.015545
0.005120	0.015630
0.005130	0.015715
0.005140	0.015801
0.005150	0.015886
0.005160	0.015972
0.005170	0.016057
0.005180	0.016143
0.005190	0.016230
0.005200	0.016316
0.005210	0.016402
0.005220	0.016489
0.005230	0.016576
0.005240	0.016663
0.005250	0.016750
0.005260	0.016837
0.005270	0.016925
0.005280	0.017012
0.005290	0.017100
0.005300	0.017188
0.005310	0.017276
0.005320	0.017365
0.005330	0.017453
0.005340	0.017542
0.005350	0.017630
0.005360	0.017719
0.005370	0.017808
0.005380	0.017898
0.005390	0.017987
0.005400	0.018076
0.005410	0.018166
0.005420	0.018256
0.005430	0.018346
0.005440	0.018436
0.005450	0.018526
0.005460	0.018616
0.005470	0.018707
0.005480	0.018797
0.005490	0.018888
0.005500	0.018979
0.005510	0.019070
0.005520	0.019161
0.005530	0.019253
0.005540	0.019344
0.005550	0.019436
0.005560	0.019527
0.005570	0.019619
0.005580	0.019711
0.005590	0.019803
0.005600	0.019895
0.005610	0.019987
0.005620	0.020080
0.005630	0.020172
0.005640	0.020265
0.005650	0.020358
0.005660	0.020451
0.005670	0.020544
0.005680	0.020637
0.005690	0.020730
0.005700	0.020823
0.005710	0.020917
0.005720	0.021010
0.005730	0.021104
0.005740	0.021197
0.005750	0.021291
0.005760	0.021385
0.005770	0.021479
0.005780	0.021573
0.005790	0.021668
0.005800	0.021762
0.005810	0.021856
0.005820	0.021951
0.005830	0.022045
0.005840	0.022140
0.005850	0.022235
0.005860	0.022329
0.005870	0.022424
0.005880	0.022519
0.005890	0.022614
0.005900	0.022710
0.005910	0.022805
0.005920	0.022900
0.005930	0.022995
0.005940	0.023091
0.005950	0.023186
0.005960	0.023282
0.005970	0.023378
0.005980	0.023473
0.005990	0.023569
0.006000	0.023665
0.006010	0.023761
0.006020	0.023857
0.006030	0.023953
0.006040	0.024049
0.006050	0.024145
0.006060	0.024242
0.006070	0.024338
0.006080	0.024434
0.006090	0.024530
0.006100	0.024627
0.006110	0.024723
0.006120	0.024820
0.006130	0.024916
0.006140	0.025013
0.006150	0.025110
0.006160	0.025206
0.006170	0.025303
0.006180	0.025400
0.006190	0.025497
0.006200	0.025594
0.006210	0.025690
0.006220	0.025787
0.006230	0.025884
0.006240	0.025981
0.006250	0.026078
0.006260	0.026175
0.006270	0.026272
0.006280	0.026369
0.006290	0.026466
0.006300	0.026564
0.006310	0.026661
0.006320	0.026758
0.006330	0.026855
0.006340	0.026952
0.006350	0.027049
0.006360	0.027147
0.006370	0.027244
0.006380	0.027341
0.006390	0.027438
0.006400	0.027535
0.006410	0.027633
0.006420	0.027730
0.006430	0.027827
0.006440	0.027924
0.006450	0.028022
0.006460	0.028119
0.006470	0.028216
0.006480	0.028313
0.006490	0.028411
0.006500	0.028508
0.006510	0.028605
0.006520	0.028702
0.006530	0.028799
0.006540	0.028897
0.006550	0.028994
0.006560	0.029091
0.006570	0.029188
0.006580	0.029285
0.006590	0.029382
0.006600	0.029479
0.006610	0.029576
0.006620	0.029673
0.006630	0.029770
0.006640	0.029867
0.006650	0.029964
0.006660	0.030061
0.006670	0.030158
0.006680	0.030254
0.006690	0.030351
0.006700	0.030448
0.006710	0.030544
0.006720	0.030641
0.006730	0.030738
0.006740	0.030834
0.006750	0.030931
0.006760	0.031027
0.006770	0.031124
0.006780	0.031220
0.006790	0.031316
0.006800	0.031413
0.006810	0.031509
0.006820	0.031605
0.006830	0.031701
0.006840	0.031797
0.006850	0.031893
0.006860	0.031989
0.006870	0.032085
0.006880	0.032181
0.006890	0.032276
0.006900	0.032372
0.006910	0.032468
0.006920	0.032563
0.006930	0.032659
0.006940	0.032754
0.006950	0.032849
0.006960	0.032944
0.006970	0.033040
0.006980	0.033135
0.006990	0.033230
0.007000	0.033325
0.007010	0.033419
0.007020	0.033514
0.007030	0.033609
0.007040	0.033704
0.007050	0.033798
0.007060	0.033892
0.007070	0.033987
0.007080	0.034081
0.007090	0.034175
0.007100	0.034269
0.007110	0.034363
0.007120	0.034457
0.007130	0.034551
0.007140	0.034644
0.007150	0.034738
0.007160	0.034831
0.007170	0.034925
0.007180	0.035018
0.007190	0.035111
0.007200	0.035204
0.007210	0.035297
0.007220	0.035390
0.007230	0.035483
0.007240	0.035575
0.007250	0.035668
0.007260	0.035760
0.007270	0.035852
0.007280	0.035945
0.007290	0.036037
0.007300	0.036129
0.007310	0.036220
0.007320	0.036312
0.007330	0.036404
0.007340	0.036495
0.007350	0.036586
0.007360	0.036677
0.007370	0.036768
0.007380	0.036859
0.007390	0.036950
0.007400	0.037041
0.007410	0.037131
0.007420	0.037222
0.007430	0.037312
0.007440	0.037402
0.007450	0.037492
0.007460	0.037582
0.007470	0.037672
0.007480	0.037761
0.007490	0.037851
0.007500	0.037940
0.007510	0.038029
0.007520	0.038118
0.007530	0.038207
0.007540	0.038296
0.007550	0.038384
0.007560	0.038472
0.007570	0.038561
0.007580	0.038649
0.007590	0.038737
0.007600	0.038825
0.007610	0.038912
0.007620	0.039000
0.007630	0.039087
0.007640	0.039174
0.007650	0.039261
0.007660	0.039348
0.007670	0.039435
0.007680	0.039521
0.007690	0.039608
0.007700	0.039694
0.007710	0.039780
0.007720	0.039866
0.007730	0.039951
0.007740	0.040037
0.007750	0.040122
0.007760	0.040207
0.007770	0.040292
0.007780	0.040377
0.007790	0.040462
0.007800	0.040546
0.007810	0.040631
0.007820	0.040715
0.007830	0.040799
0.007840	0.040883
0.007850	0.040966
0.007860	0.041050
0.007870	0.041133
0.007880	0.041216
0.007890	0.041299
0.007900	0.041382
0.007910	0.041464
0.007920	0.041546
0.007930	0.041629
0.007940	0.041711
0.007950	0.041792
0.007960	0.041874
0.007970	0.041955
0.007980	0.042037
0.007990	0.042118
0.008000	0.042198
0.008010	0.042279
0.008020	0.042359
0.008030	0.042440
0.008040	0.042520
0.008050	0.042600
0.008060	0.042679
0.008070	0.042759
0.008080	0.042838
0.008090	0.042917
0.008100	0.042996
0.008110	0.043074
0.008120	0.043153
0.008130	0.043231
0.008140	0.043309
0.008150	0.043387
0.008160	0.043465
0.008170	0.043542
0.008180	0.043619
0.008190	0.043696
0.008200	0.043773
0.008210	0.043850
0.008220	0.043926
0.008230	0.044002
0.008240	0.044078
0.008250	0.044154
0.008260	0.044229
0.008270	0.044305
0.008280	0.044380
0.008290	0.044455
0.008300	0.044529
0.008310	0.044604
0.008320	0.044678
0.008330	0.044752
0.008340	0.044826
0.008350	0.044900
0.008360	0.044973
0.008370	0.045046
0.008380	0.045119
0.008390	0.045192
0.008400	0.045264
0.008410	0.045337
0.008420	0.045409
0.008430	0.045480
0.008440	0.045552
0.008450	0.045623
0.008460	0.045695
0.008470	0.045766
0.008480	0.045836
0.008490	0.045907
0.008500	0.045977
0.008510	0.046047
0.008520	0.046117
0.008530	0.046186
0.008540	0.046256
0.008550	0.046325
0.008560	0.046394
0.008570	0.046462
0.008580	0.046531
0.008590	0.046599
0.008600	0.046667
0.008610	0.046735
0.008620	0.046802
0.008630	0.046869
0.008640	0.046937
0.008650	0.047003
0.008660	0.047070
0.008670	0.047136
0.008680	0.047202
0.008690	0.047268
0.008700	0.047334
0.008710	0.047399
0.008720	0.047464
0.008730	0.047529
0.008740	0.047594
0.008750	0.047658
0.008760	0.047723
0.008770	0.047787
0.008780	0.047850
0.008790	0.047914
0.008800	0.047977
0.008810	0.048040
0.008820	0.048103
0.008830	0.048165
0.008840	0.048228
0.008850	0.048290
0.008860	0.048352
0.008870	0.048413
0.008880	0.048474
0.008890	0.048536
0.008900	0.048596
0.008910	0.048657
0.008920	0.048717
0.008930	0.048778
0.008940	0.048837
0.008950	0.048897
0.008960	0.048956
0.008970	0.049016
0.008980	0.049075
0.008990	0.049133
0.009000	0.049192
0.009010	0.049250
0.009020	0.049308
0.009030	0.049365
0.009040	0.049423
0.009050	0.049480
0.009060	0.049537
0.009070	0.049594
0.009080	0.049650
0.009090	0.049706
0.009100	0.049762
0.009110	0.049818
0.009120	0.049874
0.009130	0.049929
0.009140	0.049984
0.009150	0.050039
0.009160	0.050093
0.009170	0.050147
0.009180	0.050201
0.009190	0.050255
0.009200	0.050309
0.009210	0.050362
0.009220	0.050415
0.009230	0.050468
0.009240	0.050520
0.009250	0.050573
0.009260	0.050625
0.009270	0.050677
0.009280	0.050728
0.009290	0.050779
0.009300	0.050830
0.009310	0.050881
0.009320	0.050932
0.009330	0.050982
0.009340	0.051032
0.009350	0.051082
0.009360	0.051132
0.009370	0.051181
0.009380	0.051230
0.009390	0.051279
0.009400	0.051328
0.009410	0.051376
0.009420	0.051424
0.009430	0.051472
0.009440	0.051520
0.009450	0.051567
0.009460	0.051614
0.009470	0.051661
0.009480	0.051708
0.009490	0.051754
0.009500	0.051800
0.009510	0.051846
0.009520	0.051892
0.009530	0.051937
0.009540	0.051983
0.009550	0.052028
0.009560	0.052072
0.009570	0.052117
0.009580	0.052161
0.009590	0.052205
0.009600	0.052249
0.009610	0.052292
0.009620	0.052335
0.009630	0.052378
0.009640	0.052421
0.009650	0.052464
0.009660	0.052506
0.009670	0.052548
0.009680	0.052590
0.009690	0.052631
0.009700	0.052673
0.009710	0.052714
0.009720	0.052755
0.009730	0.052795
0.009740	0.052836
0.009750	0.052876
0.009760	0.052916
0.009770	0.052955
0.009780	0.052995
0.009790	0.053034
0.009800	0.053073
0.009810	0.053112
0.009820	0.053150
0.009830	0.053188
0.009840	0.053226
0.009850	0.053264
0.009860	0.053302
0.009870	0.053339
0.009880	0.053376
0.009890	0.053413
0.009900	0.053449
0.009910	0.053486
0.009920	0.053522
0.009930	0.053558
0.009940	0.053593
0.009950	0.053629
0.009960	0.053664
0.009970	0.053699
0.009980	0.053734
0.009990	0.053768
0.010000	0.053803
0.010010	0.053837
0.010020	0.053870
0.010030	0.053904
0.010040	0.053937
0.010050	0.053971
0.010060	0.054003
0.010070	0.054036
0.010080	0.054069
0.010090	0.054101
0.010100	0.054133
0.010110	0.054165
0.010120	0.054196
0.010130	0.054227
0.010140	0.054259
0.010150	0.054289
0.010160	0.054320
0.010170	0.054351
0.010180	0.054381
0.010190	0.054411
0.010200	0.054441
0.010210	0.054470
0.010220	0.054499
0.010230	0.054529
0.010240	0.054557
0.010250	0.054586
0.010260	0.054615
0.010270	0.054643
0.010280	0.054671
0.010290	0.054699
0.010300	0.054726
0.010310	0.054754
0.010320	0.054781
0.010330	0.054808
0.010340	0.054835
0.010350	0.054861
0.010360	0.054887
0.010370	0.054914
0.010380	0.054939
0.010390	0.054965
0.010400	0.054991
0.010410	0.055016
0.010420	0.055041
0.010430	0.055066
0.010440	0.055091
0.010450	0.055115
0.010460	0.055139
0.010470	0.055163
0.010480	0.055187
0.010490	0.055211
0.010500	0.055234
0.010510	0.055257
0.010520	0.055280
0.010530	0.055303
0.010540	0.055326
0.010550	0.055348
0.010560	0.055370
0.010570	0.055392
0.010580	0.055414
0.010590	0.055436
0.010600	0.055457
0.010610	0.055478
0.010620	0.055499
0.010630	0.055520
0.010640	0.055541
0.010650	0.055561
0.010660	0.055582
0.010670	0.055602
0.010680	0.055622
0.010690	0.055641
0.010700	0.055661
0.010710	0.055680
0.010720	0.055699
0.010730	0.055718
0.010740	0.055737
0.010750	0.055755
0.010760	0.055774
0.010770	0.055792
0.010780	0.055810
0.010790	0.055828
0.010800	0.055845
0.010810	0.055863
0.010820	0.055880
0.010830	0.055897
0.010840	0.055914
0.010850	0.055931
0.010860	0.055947
0.010870	0.055963
0.010880	0.055980
0.010890	0.055996
0.010900	0.056011
0.010910	0.056027
0.010920	0.056042
0.010930	0.056058
0.010940	0.056073
0.010950	0.056088
0.010960	0.056103
0.010970	0.056117
0.010980	0.056132
0.010990	0.056146
0.011000	0.056160
0.011010	0.056174
0.011020	0.056188
0.011030	0.056201
0.011040	0.056215
0.011050	0.056228
0.011060	0.056241
0.011070	0.056254
0.011080	0.056267
0.011090	0.056279
0.011100	0.056292
0.011110	0.056304
0.011120	0.056316
0.011130	0.056328
0.011140	0.056340
0.011150	0.056351
0.011160	0.056363
0.011170	0.056374
0.011180	0.056385
0.011190	0.056396
0.011200	0.056407
0.011210	0.056418
0.011220	0.056428
0.011230	0.056439
0.011240	0.056449
0.011250	0.056459
0.011260	0.056469
0.011270	0.056479
0.011280	0.056489
0.011290	0.056498
0.011300	0.056507
0.011310	0.056517
0.011320	0.056526
0.011330	0.056535
0.011340	0.056543
0.011350	0.056552
0.011360	0.056560
0.011370	0.056569
0.011380	0.056577
0.011390	0.056585
0.011400	0.056593
0.011410	0.056601
0.011420	0.056608
0.011430	0.056616
0.011440	0.056623
0.011450	0.056631
0.011460	0.056638
0.011470	0.056645
0.011480	0.056651
0.011490	0.056658
0.011500	0.056665
0.011510	0.056671
0.011520	0.056678
0.011530	0.056684
0.011540	0.056690
0.011550	0.056696
0.011560	0.056702
0.011570	0.056707
0.011580	0.056713
0.011590	0.056718
0.011600	0.056723
0.011610	0.056729
0.011620	0.056734
0.011630	0.056739
0.011640	0.056743
0.011650	0.056748
0.011660	0.056753
0.011670	0.056757
0.011680	0.056762
0.011690	0.056766
0.011700	0.056770
0.011710	0.056774
0.011720	0.056778
0.011730	0.056782
0.011740	0.056785
0.011750	0.056789
0.011760	0.056792
0.011770	0.056795
0.011780	0.056799
0.011790	0.056802
0.011800	0.056805
0.011810	0.056808
0.011820	0.056810
0.011830	0.056813
0.011840	0.056816
0.011850	0.056818
0.011860	0.056820
0.011870	0.056823
0.011880	0.056825
0.011890	0.056827
0.011900	0.056829
0.011910	0.056831
0.011920	0.056832
0.011930	0.056834
0.011940	0.056836
0.011950	0.056837
0.011960	0.056838
0.011970	0.056840
0.011980	0.056841
0.011990	0.056842
0.012000	0.056843
0.012010	0.056844
0.012020	0.056845
0.012030	0.056845
0.012040	0.056846
0.012050	0.056847
0.012060	0.056847
0.012070	0.056847
0.012080	0.056848
0.012090	0.056848
0.012100	0.056848
0.012110	0.056848
0.012120	0.056848
0.012130	0.056848
0.012140	0.056847
0.012150	0.056847
0.012160	0.056847
0.012170	0.056846
0.012180	0.056846
0.012190	0.056845
0.012200	0.056844
0.012210	0.056843
0.012220	0.056842
0.012230	0.056841
0.012240	0.056840
0.012250	0.056839
0.012260	0.056838
0.012270	0.056837
0.012280	0.056836
0.012290	0.056834
0.012300	0.056833
0.012310	0.056831
0.012320	0.056829
0.012330	0.056828
0.012340	0.056826
0.012350	0.056824
0.012360	0.056822
0.012370	0.056820
0.012380	0.056818
0.012390	0.056816
0.012400	0.056814
0.012410	0.056812
0.012420	0.056810
0.012430	0.056807
0.012440	0.056805
0.012450	0.056802
0.012460	0.056800
0.012470	0.056797
0.012480	0.056794
0.012490	0.056792
0.012500	0.056789
0.012510	0.056786
0.012520	0.056783
0.012530	0.056780
0.012540	0.056777
0.012550	0.056774
0.012560	0.056771
0.012570	0.056768
0.012580	0.056765
0.012590	0.056761
0.012600	0.056758
0.012610	0.056755
0.012620	0.056751
0.012630	0.056748
0.012640	0.056744
0.012650	0.056741
0.012660	0.056737
0.012670	0.056733
0.012680	0.056730
0.012690	0.056726
0.012700	0.056722
0.012710	0.056718
0.012720	0.056714
0.012730	0.056710
0.012740	0.056706
0.012750	0.056702
0.012760	0.056698
0.012770	0.056694
0.012780	0.056690
0.012790	0.056686
0.012800	0.056681
0.012810	0.056677
0.012820	0.056673
0.012830	0.056668
0.012840	0.056664
0.012850	0.056659
0.012860	0.056655
0.012870	0.056650
0.012880	0.056646
0.012890	0.056641
0.012900	0.056637
0.012910	0.056632
0.012920	0.056627
0.012930	0.056622
0.012940	0.056618
0.012950	0.056613
0.012960	0.056608
0.012970	0.056603
0.012980	0.056598
0.012990	0.056593
0.013000	0.056588
0.013010	0.056583
0.013020	0.056578
0.013030	0.056573
0.013040	0.056568
0.013050	0.056563
0.013060	0.056558
0.013070	0.056553
0.013080	0.056548
0.013090	0.056542
0.013100	0.056537
0.013110	0.056532
0.013120	0.056527
0.013130	0.056521
0.013140	0.056516
0.013150	0.056511
0.013160	0.056505
0.013170	0.056500
0.013180	0.056495
0.013190	0.056489
0.013200	0.056484
0.013210	0.056478
0.013220	0.056473
0.013230	0.056467
0.013240	0.056462
0.013250	0.056456
0.013260	0.056450
0.013270	0.056445
0.013280	0.056439
0.013290	0.056434
0.013300	0.056428
0.013310	0.056422
0.013320	0.056417
0.013330	0.056411
0.013340	0.056405
0.013350	0.056399
0.013360	0.056394
0.013370	0.056388
0.013380	0.056382
0.013390	0.056376
0.013400	0.056371
0.013410	0.056365
0.013420	0.056359
0.013430	0.056353
0.013440	0.056347
0.013450	0.056341
0.013460	0.056336
0.013470	0.056330
0.013480	0.056324
0.013490	0.056318
0.013500	0.056312
0.013510	0.056306
0.013520	0.056300
0.013530	0.056294
0.013540	0.056288
0.013550	0.056282
0.013560	0.056276
0.013570	0.056271
0.013580	0.056265
0.013590	0.056259
0.013600	0.056253
0.013610	0.056247
0.013620	0.056241
0.013630	0.056235
0.013640	0.056229
0.013650	0.056223
0.013660	0.056217
0.013670	0.056211
0.013680	0.056205
0.013690	0.056199
0.013700	0.056193
0.013710	0.056187
0.013720	0.056180
0.013730	0.056174
0.013740	0.056168
0.013750	0.056162
0.013760	0.056156
0.013770	0.056150
0.013780	0.056144
0.013790	0.056138
0.013800	0.056132
0.013810	0.056126
0.013820	0.056120
0.013830	0.056114
0.013840	0.056108
0.013850	0.056102
0.013860	0.056096
0.013870	0.056090
0.013880	0.056084
0.013890	0.056078
0.013900	0.056072
0.013910	0.056066
0.013920	0.056060
0.013930	0.056054
0.013940	0.056048
0.013950	0.056042
0.013960	0.056036
0.013970	0.056029
0.013980	0.056023
0.013990	0.056017
0.014000	0.056011
0.014010	0.056005
0.014020	0.055999
0.014030	0.055993
0.014040	0.055987
0.014050	0.055981
0.014060	0.055975
0.014070	0.055969
0.014080	0.055963
0.014090	0.055957
0.014100	0.055951
0.014110	0.055945
0.014120	0.055939
0.014130	0.055934
0.014140	0.055928
0.014150	0.055922
0.014160	0.055916
0.014170	0.055910
0.014180	0.055904
0.014190	0.055898
0.014200	0.055892
0.014210	0.055886
0.014220	0.055880
0.014230	0.055874
0.014240	0.055868
0.014250	0.055862
0.014260	0.055856
0.014270	0.055851
0.014280	0.055845
0.014290	0.055839
0.014300	0.055833
0.014310	0.055827
0.014320	0.055821
0.014330	0.055815
0.014340	0.055810
0.014350	0.055804
0.014360	0.055798
0.014370	0.055792
0.014380	0.055786
0.014390	0.055780
0.014400	0.055775
0.014410	0.055769
0.014420	0.055763
0.014430	0.055757
0.014440	0.055751
0.014450	0.055746
0.014460	0.055740
0.014470	0.055734
0.014480	0.055728
0.014490	0.055723
0.014500	0.055717
0.014510	0.055711
0.014520	0.055706
0.014530	0.055700
0.014540	0.055694
0.014550	0.055688
0.014560	0.055683
0.014570	0.055677
0.014580	0.055671
0.014590	0.055666
0.014600	0.055660
0.014610	0.055654
0.014620	0.055649
0.014630	0.055643
0.014640	0.055638
0.014650	0.055632
0.014660	0.055626
0.014670	0.055621
0.014680	0.055615
0.014690	0.055610
0.014700	0.055604
0.014710	0.055598
0.014720	0.055593
0.014730	0.055587
0.014740	0.055582
0.014750	0.055576
0.014760	0.055571
0.014770	0.055565
0.014780	0.055560
0.014790	0.055554
0.014800	0.055548
0.014810	0.055543
0.014820	0.055537
0.014830	0.055532
0.014840	0.055526
0.014850	0.055521
0.014860	0.055515
0.014870	0.055510
0.014880	0.055505
0.014890	0.055499
0.014900	0.055494
0.014910	0.055488
0.014920	0.055483
0.014930	0.055477
0.014940	0.055472
0.014950	0.055466
0.014960	0.055461
0.014970	0.055456
0.014980	0.055450
0.014990	0.055445
0.015000	0.055439
0.015010	0.055434
0.015020	0.055428
0.015030	0.055423
0.015040	0.055418
0.015050	0.055412
0.015060	0.055407
0.015070	0.055402
0.015080	0.055396
0.015090	0.055391
0.015100	0.055385
0.015110	0.055380
0.015120	0.055375
0.015130	0.055369
0.015140	0.055364
0.015150	0.055359
0.015160	0.055353
0.015170	0.055348
0.015180	0.055343
0.015190	0.055337
0.015200	0.055332
0.015210	0.055326
0.015220	0.055321
0.015230	0.055316
0.015240	0.055310
0.015250	0.055305
0.015260	0.055300
0.015270	0.055294
0.015280	0.055289
0.015290	0.055284
0.015300	0.055278
0.015310	0.055273
0.015320	0.055268
0.015330	0.055262
0.015340	0.055257
0.015350	0.055252
0.015360	0.055246
0.015370	0.055241
0.015380	0.055236
0.015390	0.055230
0.015400	0.055225
0.015410	0.055220
0.015420	0.055214
0.015430	0.055209
0.015440	0.055204
0.015450	0.055198
0.015460	0.055193
0.015470	0.055188
0.015480	0.055182
0.015490	0.055177
0.015500	0.055171
0.015510	0.055166
0.015520	0.055161
0.015530	0.055155
0.015540	0.055150
0.015550	0.055145
0.015560	0.055139
0.015570	0.055134
0.015580	0.055128
0.015590	0.055123
0.015600	0.055118
0.015610	0.055112
0.015620	0.055107
0.015630	0.055101
0.015640	0.055096
0.015650	0.055090
0.015660	0.055085
0.015670	0.055079
0.015680	0.055074
0.015690	0.055068
0.015700	0.055063
0.015710	0.055058
0.015720	0.055052
0.015730	0.055047
0.015740	0.055041
0.015750	0.055035
0.015760	0.055030
0.015770	0.055024
0.015780	0.055019
0.015790	0.055013
0.015800	0.055008
0.015810	0.055002
0.015820	0.054997
0.015830	0.054991
0.015840	0.054985
0.015850	0.054980
0.015860	0.054974
0.015870	0.054968
0.015880	0.054963
0.015890	0.054957
0.015900	0.054951
0.015910	0.054946
0.015920	0.054940
0.015930	0.054934
0.015940	0.054929
0.015950	0.054923
0.015960	0.054917
0.015970	0.054911
0.015980	0.054905
0.015990	0.054900
0.016000	0.054894
0.016010	0.054888
0.016020	0.054882
0.016030	0.054876
0.016040	0.054870
0.016050	0.054864
0.016060	0.054859
0.016070	0.054853
0.016080	0.054847
0.016090	0.054841
0.016100	0.054835
0.016110	0.054829
0.016120	0.054823
0.016130	0.054817
0.016140	0.054811
0.016150	0.054805
0.016160	0.054798
0.016170	0.054792
0.016180	0.054786
0.016190	0.054780
0.016200	0.054774
0.016210	0.054768
0.016220	0.054762
0.016230	0.054755
0.016240	0.054749
0.016250	0.054743
0.016260	0.054737
0.016270	0.054730
0.016280	0.054724
0.016290	0.054718
0.016300	0.054711
0.016310	0.054705
0.016320	0.054698
0.016330	0.054692
0.016340	0.054686
0.016350	0.054679
0.016360	0.054673
0.016370	0.054666
0.016380	0.054659
0.016390	0.054653
0.016400	0.054646
0.016410	0.054640
0.016420	0.054633
0.016430	0.054626
0.016440	0.054620
0.016450	0.054613
0.016460	0.054606
0.016470	0.054599
0.016480	0.054593
0.016490	0.054586
0.016500	0.054579
0.016510	0.054572
0.016520	0.054565
0.016530	0.054558
0.016540	0.054551
0.016550	0.054544
0.016560	0.054537
0.016570	0.054530
0.016580	0.054523
0.016590	0.054516
0.016600	0.054509
0.016610	0.054502
0.016620	0.054494
0.016630	0.054487
0.016640	0.054480
0.016650	0.054473
0.016660	0.054465
0.016670	0.054458
0.016680	0.054451
0.016690	0.054443
0.016700	0.054436
0.016710	0.054428
0.016720	0.054421
0.016730	0.054413
0.016740	0.054406
0.016750	0.054398
0.016760	0.054391
0.016770	0.054383
0.016780	0.054375
0.016790	0.054367
0.016800	0.054360
0.016810	0.054352
0.016820	0.054344
0.016830	0.054336
0.016840	0.054328
0.016850	0.054320
0.016860	0.054312
0.016870	0.054304
0.016880	0.054296
0.016890	0.054288
0.016900	0.054280
0.016910	0.054272
0.016920	0.054264
0.016930	0.054256
0.016940	0.054247
0.016950	0.054239
0.016960	0.054231
0.016970	0.054222
0.016980	0.054214
0.016990	0.054206
0.017000	0.054197
0.017010	0.054189
0.017020	0.054180
0.017030	0.054171
0.017040	0.054163
0.017050	0.054154
0.017060	0.054145
0.017070	0.054137
0.017080	0.054128
0.017090	0.054119
0.017100	0.054110
0.017110	0.054101
0.017120	0.054092
0.017130	0.054083
0.017140	0.054074
0.017150	0.054065
0.017160	0.054056
0.017170	0.054047
0.017180	0.054038
0.017190	0.054029
0.017200	0.054020
0.017210	0.054010
0.017220	0.054001
0.017230	0.053991
0.017240	0.053982
0.017250	0.053973
0.017260	0.053963
0.017270	0.053954
0.017280	0.053944
0.017290	0.053934
0.017300	0.053925
0.017310	0.053915
0.017320	0.053905
0.017330	0.053895
0.017340	0.053885
0.017350	0.053876
0.017360	0.053866
0.017370	0.053856
0.017380	0.053846
0.017390	0.053836
0.017400	0.053825
0.017410	0.053815
0.017420	0.053805
0.017430	0.053795
0.017440	0.053785
0.017450	0.053774
0.017460	0.053764
0.017470	0.053753
0.017480	0.053743
0.017490	0.053732
0.017500	0.053722
0.017510	0.053711
0.017520	0.053701
0.017530	0.053690
0.017540	0.053679
0.017550	0.053668
0.017560	0.053657
0.017570	0.053647
0.017580	0.053636
0.017590	0.053625
0.017600	0.053614
0.017610	0.053603
0.017620	0.053591
0.017630	0.053580
0.017640	0.053569
0.017650	0.053558
0.017660	0.053546
0.017670	0.053535
0.017680	0.053524
0.017690	0.053512
0.017700	0.053501
0.017710	0.053489
0.017720	0.053478
0.017730	0.053466
0.017740	0.053454
0.017750	0.053443
0.017760	0.053431
0.017770	0.053419
0.017780	0.053407
0.017790	0.053395
0.017800	0.053383
0.017810	0.053371
0.017820	0.053359
0.017830	0.053347
0.017840	0.053335
0.017850	0.053323
0.017860	0.053310
0.017870	0.053298
0.017880	0.053286
0.017890	0.053273
0.017900	0.053261
0.017910	0.053248
0.017920	0.053236
0.017930	0.053223
0.017940	0.053210
0.017950	0.053198
0.017960	0.053185
0.017970	0.053172
0.017980	0.053159
0.017990	0.053146
0.018000	0.053133
0.018010	0.053120
0.018020	0.053107
0.018030	0.053094
0.018040	0.053081
0.018050	0.053068
0.018060	0.053055
0.018070	0.053041
0.018080	0.053028
0.018090	0.053015
0.018100	0.053001
0.018110	0.052988
0.018120	0.052974
0.018130	0.052961
0.018140	0.052947
0.018150	0.052933
0.018160	0.052919
0.018170	0.052906
0.018180	0.052892
0.018190	0.052878
0.018200	0.052864
0.018210	0.052850
0.018220	0.052836
0.018230	0.052822
0.018240	0.052808
0.018250	0.052793
0.018260	0.052779
0.018270	0.052765
0.018280	0.052751
0.018290	0.052736
0.018300	0.052722
0.018310	0.052707
0.018320	0.052693
0.018330	0.052678
0.018340	0.052663
0.018350	0.052649
0.018360	0.052634
0.018370	0.052619
0.018380	0.052604
0.018390	0.052590
0.018400	0.052575
0.018410	0.052560
0.018420	0.052545
0.018430	0.052530
0.018440	0.052514
0.018450	0.052499
0.018460	0.052484
0.018470	0.052469
0.018480	0.052453
0.018490	0.052438
0.018500	0.052423
0.018510	0.052407
0.018520	0.052392
0.018530	0.052376
0.018540	0.052360
0.018550	0.052345
0.018560	0.052329
0.018570	0.052313
0.018580	0.052297
0.018590	0.052282
0.018600	0.052266
0.018610	0.052250
0.018620	0.052234
0.018630	0.052218
0.018640	0.052202
0.018650	0.052185
0.018660	0.052169
0.018670	0.052153
0.018680	0.052137
0.018690	0.052120
0.018700	0.052104
0.018710	0.052088
0.018720	0.052071
0.018730	0.052055
0.018740	0.052038
0.018750	0.052021
0.018760	0.052005
0.018770	0.051988
0.018780	0.051971
0.018790	0.051955
0.018800	0.051938
0.018810	0.051921
0.018820	0.051904
0.018830	0.051887
0.018840	0.051870
0.018850	0.051853
0.018860	0.051836
0.018870	0.051819
0.018880	0.051801
0.018890	0.051784
0.018900	0.051767
0.018910	0.051749
0.018920	0.051732
0.018930	0.051715
0.018940	0.051697
0.018950	0.051680
0.018960	0.051662
0.018970	0.051644
0.018980	0.051627
0.018990	0.051609
0.019000	0.051591
0.019010	0.051574
0.019020	0.051556
0.019030	0.051538
0.019040	0.051520
0.019050	0.051502
0.019060	0.051484
0.019070	0.051466
0.019080	0.051448
0.019090	0.051430
0.019100	0.051412
0.019110	0.051394
0.019120	0.051375
0.019130	0.051357
0.019140	0.051339
0.019150	0.051320
0.019160	0.051302
0.019170	0.051284
0.019180	0.051265
0.019190	0.051247
0.019200	0.051228
0.019210	0.051209
0.019220	0.051191
0.019230	0.051172
0.019240	0.051153
0.019250	0.051135
0.019260	0.051116
0.019270	0.051097
0.019280	0.051078
0.019290	0.051059
0.019300	0.051040
0.019310	0.051021
0.019320	0.051002
0.019330	0.050983
0.019340	0.050964
0.019350	0.050945
0.019360	0.050926
0.019370	0.050907
0.019380	0.050887
0.019390	0.050868
0.019400	0.050849
0.019410	0.050830
0.019420	0.050810
0.019430	0.050791
0.019440	0.050771
0.019450	0.050752
0.019460	0.050732
0.019470	0.050713
0.019480	0.050693
0.019490	0.050674
0.019500	0.050654
0.019510	0.050634
0.019520	0.050615
0.019530	0.050595
0.019540	0.050575
0.019550	0.050555
0.019560	0.050535
0.019570	0.050515
0.019580	0.050496
0.019590	0.050476
0.019600	0.050456
0.019610	0.050436
0.019620	0.050416
0.019630	0.050396
0.019640	0.050375
0.019650	0.050355
0.019660	0.050335
0.019670	0.050315
0.019680	0.050295
0.019690	0.050275
0.019700	0.050254
0.019710	0.050234
0.019720	0.050214
0.019730	0.050193
0.019740	0.050173
0.019750	0.050153
0.019760	0.050132
0.019770	0.050112
0.019780	0.050091
0.019790	0.050071
0.019800	0.050050
0.019810	0.050030
0.019820	0.050009
0.019830	0.049988
0.019840	0.049968
0.019850	0.049947
0.019860	0.049926
0.019870	0.049906
0.019880	0.049885
0.019890	0.049864
0.019900	0.049843
0.019910	0.049823
0.019920	0.049802
0.019930	0.049781
0.019940	0.049760
0.019950	0.049739
0.019960	0.049718
0.019970	0.049697
0.019980	0.049676
0.019990	0.049655
0.020000	0.049634
0.020010	0.049613
0.020020	0.049592
0.020030	0.049571
0.020040	0.049550
0.020050	0.049529
0.020060	0.049508
0.020070	0.049487
0.020080	0.049466
0.020090	0.049445
0.020100	0.049423
0.020110	0.049402
0.020120	0.049381
0.020130	0.049360
0.020140	0.049339
0.020150	0.049317
0.020160	0.049296
0.020170	0.049275
0.020180	0.049253
0.020190	0.049232
0.020200	0.049211
0.020210	0.049189
0.020220	0.049168
0.020230	0.049147
0.020240	0.049125
0.020250	0.049104
0.020260	0.049082
0.020270	0.049061
0.020280	0.049040
0.020290	0.049018
0.020300	0.048997
0.020310	0.048975
0.020320	0.048954
0.020330	0.048932
0.020340	0.048911
0.020350	0.048889
0.020360	0.048868
0.020370	0.048846
0.020380	0.048825
0.020390	0.048803
0.020400	0.048781
0.020410	0.048760
0.020420	0.048738
0.020430	0.048717
0.020440	0.048695
0.020450	0.048673
0.020460	0.048652
0.020470	0.048630
0.020480	0.048609
0.020490	0.048587
0.020500	0.048565
0.020510	0.048544
0.020520	0.048522
0.020530	0.048500
0.020540	0.048479
0.020550	0.048457
0.020560	0.048435
0.020570	0.048414
0.020580	0.048392
0.020590	0.048370
0.020600	0.048349
0.020610	0.048327
0.020620	0.048305
0.020630	0.048284
0.020640	0.048262
0.020650	0.048240
0.020660	0.048219
0.020670	0.048197
0.020680	0.048175
0.020690	0.048154
0.020700	0.048132
0.020710	0.048110
0.020720	0.048089
0.020730	0.048067
0.020740	0.048045
0.020750	0.048024
0.020760	0.048002
0.020770	0.047980
0.020780	0.047959
0.020790	0.047937
0.020800	0.047915
0.020810	0.047894
0.020820	0.047872
0.020830	0.047851
0.020840	0.047829
0.020850	0.047807
0.020860	0.047786
0.020870	0.047764
0.020880	0.047742
0.020890	0.047721
0.020900	0.047699
0.020910	0.047678
0.020920	0.047656
0.020930	0.047635
0.020940	0.047613
0.020950	0.047591
0.020960	0.047570
0.020970	0.047548
0.020980	0.047527
0.020990	0.047505
0.021000	0.047484
0.021010	0.047462
0.021020	0.047441
0.021030	0.047419
0.021040	0.047398
0.021050	0.047377
0.021060	0.047355
0.021070	0.047334
0.021080	0.047312
0.021090	0.047291
0.021100	0.047270
0.021110	0.047248
0.021120	0.047227
0.021130	0.047206
0.021140	0.047184
0.021150	0.047163
0.021160	0.047142
0.021170	0.047120
0.021180	0.047099
0.021190	0.047078
0.021200	0.047057
0.021210	0.047035
0.021220	0.047014
0.021230	0.046993
0.021240	0.046972
0.021250	0.046951
0.021260	0.046930
0.021270	0.046908
0.021280	0.046887
0.021290	0.046866
0.021300	0.046845
0.021310	0.046824
0.021320	0.046803
0.021330	0.046782
0.021340	0.046761
0.021350	0.046740
0.021360	0.046719
0.021370	0.046699
0.021380	0.046678
0.021390	0.046657
0.021400	0.046636
0.021410	0.046615
0.021420	0.046594
0.021430	0.046574
0.021440	0.046553
0.021450	0.046532
0.021460	0.046511
0.021470	0.046491
0.021480	0.046470
0.021490	0.046450
0.021500	0.046429
0.021510	0.046408
0.021520	0.046388
0.021530	0.046367
0.021540	0.046347
0.021550	0.046326
0.021560	0.046306
0.021570	0.046285
0.021580	0.046265
0.021590	0.046245
0.021600	0.046224
0.021610	0.046204
0.021620	0.046184
0.021630	0.046164
0.021640	0.046143
0.021650	0.046123
0.021660	0.046103
0.021670	0.046083
0.021680	0.046063
0.021690	0.046043
0.021700	0.046023
0.021710	0.046003
0.021720	0.045983
0.021730	0.045963
0.021740	0.045943
0.021750	0.045923
0.021760	0.045903
0.021770	0.045883
0.021780	0.045864
0.021790	0.045844
0.021800	0.045824
0.021810	0.045804
0.021820	0.045785
0.021830	0.045765
0.021840	0.045746
0.021850	0.045726
0.021860	0.045707
0.021870	0.045687
0.021880	0.045668
0.021890	0.045648
0.021900	0.045629
0.021910	0.045610
0.021920	0.045590
0.021930	0.045571
0.021940	0.045552
0.021950	0.045533
0.021960	0.045514
0.021970	0.045494
0.021980	0.045475
0.021990	0.045456
0.022000	0.045437
0.022010	0.045418
0.022020	0.045399
0.022030	0.045381
0.022040	0.045362
0.022050	0.045343
0.022060	0.045324
0.022070	0.045305
0.022080	0.045287
0.022090	0.045268
0.022100	0.045250
0.022110	0.045231
0.022120	0.045212
0.022130	0.045194
0.022140	0.045176
0.022150	0.045157
0.022160	0.045139
0.022170	0.045120
0.022180	0.045102
0.022190	0.045084
0.022200	0.045066
0.022210	0.045048
0.022220	0.045030
0.022230	0.045011
0.022240	0.044993
0.022250	0.044975
0.022260	0.044958
0.022270	0.044940
0.022280	0.044922
0.022290	0.044904
0.022300	0.044886
0.022310	0.044869
0.022320	0.044851
0.022330	0.044833
0.022340	0.044816
0.022350	0.044798
0.022360	0.044781
0.022370	0.044763
0.022380	0.044746
0.022390	0.044729
0.022400	0.044711
0.022410	0.044694
0.022420	0.044677
0.022430	0.044660
0.022440	0.044643
0.022450	0.044626
0.022460	0.044609
0.022470	0.044592
0.022480	0.044575
0.022490	0.044558
0.022500	0.044541
0.022510	0.044524
0.022520	0.044507
0.022530	0.044491
0.022540	0.044474
0.022550	0.044458
0.022560	0.044441
0.022570	0.044425
0.022580	0.044408
0.022590	0.044392
0.022600	0.044375
0.022610	0.044359
0.022620	0.044343
0.022630	0.044327
0.022640	0.044311
0.022650	0.044295
0.022660	0.044279
0.022670	0.044263
0.022680	0.044247
0.022690	0.044231
0.022700	0.044215
0.022710	0.044199
0.022720	0.044183
0.022730	0.044168
0.022740	0.044152
0.022750	0.044137
0.022760	0.044121
0.022770	0.044106
0.022780	0.044090
0.022790	0.044075
0.022800	0.044060
0.022810	0.044044
0.022820	0.044029
0.022830	0.044014
0.022840	0.043999
0.022850	0.043984
0.022860	0.043969
0.022870	0.043954
0.022880	0.043939
0.022890	0.043924
0.022900	0.043909
0.022910	0.043895
0.022920	0.043880
0.022930	0.043865
0.022940	0.043851
0.022950	0.043836
0.022960	0.043822
0.022970	0.043807
0.022980	0.043793
0.022990	0.043779
0.023000	0.043765
0.023010	0.043750
0.023020	0.043736
0.023030	0.043722
0.023040	0.043708
0.023050	0.043694
0.023060	0.043680
0.023070	0.043666
0.023080	0.043653
0.023090	0.043639
0.023100	0.043625
0.023110	0.043612
0.023120	0.043598
0.023130	0.043585
0.023140	0.043571
0.023150	0.043558
0.023160	0.043544
0.023170	0.043531
0.023180	0.043518
0.023190	0.043505
0.023200	0.043491
0.023210	0.043478
0.023220	0.043465
0.023230	0.043452
0.023240	0.043439
0.023250	0.043427
0.023260	0.043414
0.023270	0.043401
0.023280	0.043388
0.023290	0.043376
0.023300	0.043363
0.023310	0.043351
0.023320	0.043338
0.023330	0.043326
0.023340	0.043314
0.023350	0.043301
0.023360	0.043289
0.023370	0.043277
0.023380	0.043265
0.023390	0.043253
0.023400	0.043241
0.023410	0.043229
0.023420	0.043217
0.023430	0.043205
0.023440	0.043193
0.023450	0.043182
0.023460	0.043170
0.023470	0.043158
0.023480	0.043147
0.023490	0.043135
0.023500	0.043124
0.023510	0.043113
0.023520	0.043101
0.023530	0.043090
0.023540	0.043079
0.023550	0.043068
0.023560	0.043057
0.023570	0.043046
0.023580	0.043035
0.023590	0.043024
0.023600	0.043013
0.023610	0.043002
0.023620	0.042991
0.023630	0.042981
0.023640	0.042970
0.023650	0.042959
0.023660	0.042949
0.023670	0.042939
0.023680	0.042928
0.023690	0.042918
0.023700	0.042908
0.023710	0.042897
0.023720	0.042887
0.023730	0.042877
0.023740	0.042867
0.023750	0.042857
0.023760	0.042847
0.023770	0.042837
0.023780	0.042827
0.023790	0.042818
0.023800	0.042808
0.023810	0.042798
0.023820	0.042789
0.023830	0.042779
0.023840	0.042770
0.023850	0.042760
0.023860	0.042751
0.023870	0.042742
0.023880	0.042732
0.023890	0.042723
0.023900	0.042714
0.023910	0.042705
0.023920	0.042696
0.023930	0.042687
0.023940	0.042678
0.023950	0.042669
0.023960	0.042660
0.023970	0.042652
0.023980	0.042643
0.023990	0.042634
0.024000	0.042626
0.024010	0.042617
0.024020	0.042609
0.024030	0.042600
0.024040	0.042592
0.024050	0.042584
0.024060	0.042575
0.024070	0.042567
0.024080	0.042559
0.024090	0.042551
0.024100	0.042543
0.024110	0.042535
0.024120	0.042527
0.024130	0.042519
0.024140	0.042512
0.024150	0.042504
0.024160	0.042496
0.024170	0.042488
0.024180	0.042481
0.024190	0.042473
0.024200	0.042466
0.024210	0.042459
0.024220	0.042451
0.024230	0.042444
0.024240	0.042437
0.024250	0.042429
0.024260	0.042422
0.024270	0.042415
0.024280	0.042408
0.024290	0.042401
0.024300	0.042394
0.024310	0.042387
0.024320	0.042381
0.024330	0.042374
0.024340	0.042367
0.024350	0.042361
0.024360	0.042354
0.024370	0.042347
0.024380	0.042341
0.024390	0.042334
0.024400	0.042328
0.024410	0.042322
0.024420	0.042316
0.024430	0.042309
0.024440	0.042303
0.024450	0.042297
0.024460	0.042291
0.024470	0.042285
0.024480	0.042279
0.024490	0.042273
0.024500	0.042267
0.024510	0.042261
0.024520	0.042256
0.024530	0.042250
0.024540	0.042244
0.024550	0.042239
0.024560	0.042233
0.024570	0.042228
0.024580	0.042222
0.024590	0.042217
0.024600	0.042212
0.024610	0.042206
0.024620	0.042201
0.024630	0.042196
0.024640	0.042191
0.024650	0.042186
0.024660	0.042181
0.024670	0.042176
0.024680	0.042171
0.024690	0.042166
0.024700	0.042161
0.024710	0.042156
0.024720	0.042151
0.024730	0.042147
0.024740	0.042142
0.024750	0.042137
0.024760	0.042133
0.024770	0.042128
0.024780	0.042124
0.024790	0.042120
0.024800	0.042115
0.024810	0.042111
0.024820	0.042107
0.024830	0.042102
0.024840	0.042098
0.024850	0.042094
0.024860	0.042090
0.024870	0.042086
0.024880	0.042082
0.024890	0.042078
0.024900	0.042074
0.024910	0.042071
0.024920	0.042067
0.024930	0.042063
0.024940	0.042059
0.024950	0.042056
0.024960	0.042052
0.024970	0.042049
0.024980	0.042045
0.024990	0.042042
0.025000	0.042038
0.025010	0.042035
0.025020	0.042032
0.025030	0.042028
0.025040	0.042025
0.025050	0.042022
0.025060	0.042019
0.025070	0.042016
0.025080	0.042013
0.025090	0.042010
0.025100	0.042007
0.025110	0.042004
0.025120	0.042001
0.025130	0.041998
0.025140	0.041995
0.025150	0.041992
0.025160	0.041990
0.025170	0.041987
0.025180	0.041984
0.025190	0.041982
0.025200	0.041979
0.025210	0.041977
0.025220	0.041974
0.025230	0.041972
0.025240	0.041970
0.025250	0.041967
0.025260	0.041965
0.025270	0.041963
0.025280	0.041961
0.025290	0.041958
0.025300	0.041956
0.025310	0.041954
0.025320	0.041952
0.025330	0.041950
0.025340	0.041948
0.025350	0.041946
0.025360	0.041944
0.025370	0.041943
0.025380	0.041941
0.025390	0.041939
0.025400	0.041937
0.025410	0.041936
0.025420	0.041934
0.025430	0.041932
0.025440	0.041931
0.025450	0.041929
0.025460	0.041928
0.025470	0.041926
0.025480	0.041925
0.025490	0.041924
0.025500	0.041922
0.025510	0.041921
0.025520	0.041920
0.025530	0.041918
0.025540	0.041917
0.025550	0.041916
0.025560	0.041915
0.025570	0.041914
0.025580	0.041913
0.025590	0.041912
0.025600	0.041911
0.025610	0.041910
0.025620	0.041909
0.025630	0.041908
0.025640	0.041907
0.025650	0.041906
0.025660	0.041906
0.025670	0.041905
0.025680	0.041904
0.025690	0.041904
0.025700	0.041903
0.025710	0.041902
0.025720	0.041902
0.025730	0.041901
0.025740	0.041901
0.025750	0.041900
0.025760	0.041900
0.025770	0.041899
0.025780	0.041899
0.025790	0.041899
0.025800	0.041898
0.025810	0.041898
0.025820	0.041898
0.025830	0.041898
0.025840	0.041897
0.025850	0.041897
0.025860	0.041897
0.025870	0.041897
0.025880	0.041897
0.025890	0.041897
0.025900	0.041897
0.025910	0.041897
0.025920	0.041897
0.025930	0.041897
0.025940	0.041897
0.025950	0.041897
0.025960	0.041898
0.025970	0.041898
0.025980	0.041898
0.025990	0.041898
0.026000	0.041899
0.026010	0.041899
0.026020	0.041899
0.026030	0.041900
0.026040	0.041900
0.026050	0.041900
0.026060	0.041901
0.026070	0.041901
0.026080	0.041902
0.026090	0.041902
0.026100	0.041903
0.026110	0.041904
0.026120	0.041904
0.026130	0.041905
0.026140	0.041905
0.026150	0.041906
0.026160	0.041907
0.026170	0.041908
0.026180	0.041908
0.026190	0.041909
0.026200	0.041910
0.026210	0.041911
0.026220	0.041912
0.026230	0.041913
0.026240	0.041913
0.026250	0.041914
0.026260	0.041915
0.026270	0.041916
0.026280	0.041917
0.026290	0.041918
0.026300	0.041919
0.026310	0.041921
0.026320	0.041922
0.026330	0.041923
0.026340	0.041924
0.026350	0.041925
0.026360	0.041926
0.026370	0.041927
0.026380	0.041929
0.026390	0.041930
0.026400	0.041931
0.026410	0.041932
0.026420	0.041934
0.026430	0.041935
0.026440	0.041936
0.026450	0.041938
0.026460	0.041939
0.026470	0.041941
0.026480	0.041942
0.026490	0.041943
0.026500	0.041945
0.026510	0.041946
0.026520	0.041948
0.026530	0.041949
0.026540	0.041951
0.026550	0.041953
0.026560	0.041954
0.026570	0.041956
0.026580	0.041957
0.026590	0.041959
0.026600	0.041961
0.026610	0.041962
0.026620	0.041964
0.026630	0.041966
0.026640	0.041967
0.026650	0.041969
0.026660	0.041971
0.026670	0.041973
0.026680	0.041975
0.026690	0.041976
0.026700	0.041978
0.026710	0.041980
0.026720	0.041982
0.026730	0.041984
0.026740	0.041986
0.026750	0.041987
0.026760	0.041989
0.026770	0.041991
0.026780	0.041993
0.026790	0.041995
0.026800	0.041997
0.026810	0.041999
0.026820	0.042001
0.026830	0.042003
0.026840	0.042005
0.026850	0.042007
0.026860	0.042009
0.026870	0.042011
0.026880	0.042013
0.026890	0.042016
0.026900	0.042018
0.026910	0.042020
0.026920	0.042022
0.026930	0.042024
0.026940	0.042026
0.026950	0.042028
0.026960	0.042031
0.026970	0.042033
0.026980	0.042035
0.026990	0.042037
0.027000	0.042039
0.027010	0.042042
0.027020	0.042044
0.027030	0.042046
0.027040	0.042048
0.027050	0.042051
0.027060	0.042053
0.027070	0.042055
0.027080	0.042058
0.027090	0.042060
0.027100	0.042062
0.027110	0.042065
0.027120	0.042067
0.027130	0.042069
0.027140	0.042072
0.027150	0.042074
0.027160	0.042076
0.027170	0.042079
0.027180	0.042081
0.027190	0.042084
0.027200	0.042086
0.027210	0.042088
0.027220	0.042091
0.027230	0.042093
0.027240	0.042096
0.027250	0.042098
0.027260	0.042101
0.027270	0.042103
0.027280	0.042106
0.027290	0.042108
0.027300	0.042111
0.027310	0.042113
0.027320	0.042116
0.027330	0.042118
0.027340	0.042121
0.027350	0.042123
0.027360	0.042126
0.027370	0.042128
0.027380	0.042131
0.027390	0.042133
0.027400	0.042136
0.027410	0.042139
0.027420	0.042141
0.027430	0.042144
0.027440	0.042146
0.027450	0.042149
0.027460	0.042152
0.027470	0.042154
0.027480	0.042157
0.027490	0.042159
0.027500	0.042162
0.027510	0.042165
0.027520	0.042167
0.027530	0.042170
0.027540	0.042173
0.027550	0.042175
0.027560	0.042178
0.027570	0.042180
0.027580	0.042183
0.027590	0.042186
0.027600	0.042188
0.027610	0.042191
0.027620	0.042194
0.027630	0.042196
0.027640	0.042199
0.027650	0.042202
0.027660	0.042204
0.027670	0.042207
0.027680	0.042210
0.027690	0.042212
0.027700	0.042215
0.027710	0.042218
0.027720	0.042221
0.027730	0.042223
0.027740	0.042226
0.027750	0.042229
0.027760	0.042231
0.027770	0.042234
0.027780	0.042237
0.027790	0.042240
0.027800	0.042242
0.027810	0.042245
0.027820	0.042248
0.027830	0.042250
0.027840	0.042253
0.027850	0.042256
0.027860	0.042259
0.027870	0.042261
0.027880	0.042264
0.027890	0.042267
0.027900	0.042269
0.027910	0.042272
0.027920	0.042275
0.027930	0.042278
0.027940	0.042280
0.027950	0.042283
0.027960	0.042286
0.027970	0.042288
0.027980	0.042291
0.027990	0.042294
0.028000	0.042297
0.028010	0.042299
0.028020	0.042302
0.028030	0.042305
0.028040	0.042308
0.028050	0.042310
0.028060	0.042313
0.028070	0.042316
0.028080	0.042318
0.028090	0.042321
0.028100	0.042324
0.028110	0.042327
0.028120	0.042329
0.028130	0.042332
0.028140	0.042335
0.028150	0.042338
0.028160	0.042340
0.028170	0.042343
0.028180	0.042346
0.028190	0.042348
0.028200	0.042351
0.028210	0.042354
0.028220	0.042357
0.028230	0.042359
0.028240	0.042362
0.028250	0.042365
0.028260	0.042367
0.028270	0.042370
0.028280	0.042373
0.028290	0.042376
0.028300	0.042378
0.028310	0.042381
0.028320	0.042384
0.028330	0.042386
0.028340	0.042389
0.028350	0.042392
0.028360	0.042394
0.028370	0.042397
0.028380	0.042400
0.028390	0.042402
0.028400	0.042405
0.028410	0.042408
0.028420	0.042410
0.028430	0.042413
0.028440	0.042416
0.028450	0.042418
0.028460	0.042421
0.028470	0.042424
0.028480	0.042426
0.028490	0.042429
0.028500	0.042432
0.028510	0.042434
0.028520	0.042437
0.028530	0.042440
0.028540	0.042442
0.028550	0.042445
0.028560	0.042448
0.028570	0.042450
0.028580	0.042453
0.028590	0.042455
0.028600	0.042458
0.028610	0.042461
0.028620	0.042463
0.028630	0.042466
0.028640	0.042469
0.028650	0.042471
0.028660	0.042474
0.028670	0.042476
0.028680	0.042479
0.028690	0.042481
0.028700	0.042484
0.028710	0.042487
0.028720	0.042489
0.028730	0.042492
0.028740	0.042494
0.028750	0.042497
0.028760	0.042500
0.028770	0.042502
0.028780	0.042505
0.028790	0.042507
0.028800	0.042510
0.028810	0.042512
0.028820	0.042515
0.028830	0.042517
0.028840	0.042520
0.028850	0.042523
0.028860	0.042525
0.028870	0.042528
0.028880	0.042530
0.028890	0.042533
0.028900	0.042535
0.028910	0.042538
0.028920	0.042540
0.028930	0.042543
0.028940	0.042545
0.028950	0.042548
0.028960	0.042550
0.028970	0.042553
0.028980	0.042555
0.028990	0.042558
0.029000	0.042560
0.029010	0.042563
0.029020	0.042565
0.029030	0.042568
0.029040	0.042570
0.029050	0.042572
0.029060	0.042575
0.029070	0.042577
0.029080	0.042580
0.029090	0.042582
0.029100	0.042585
0.029110	0.042587
0.029120	0.042590
0.029130	0.042592
0.029140	0.042594
0.029150	0.042597
0.029160	0.042599
0.029170	0.042602
0.029180	0.042604
0.029190	0.042607
0.029200	0.042609
0.029210	0.042611
0.029220	0.042614
0.029230	0.042616
0.029240	0.042619
0.029250	0.042621
0.029260	0.042623
0.029270	0.042626
0.029280	0.042628
0.029290	0.042630
0.029300	0.042633
0.029310	0.042635
0.029320	0.042638
0.029330	0.042640
0.029340	0.042642
0.029350	0.042645
0.029360	0.042647
0.029370	0.042649
0.029380	0.042652
0.029390	0.042654
0.029400	0.042656
0.029410	0.042659
0.029420	0.042661
0.029430	0.042663
0.029440	0.042666
0.029450	0.042668
0.029460	0.042670
0.029470	0.042673
0.029480	0.042675
0.029490	0.042677
0.029500	0.042680
0.029510	0.042682
0.029520	0.042684
0.029530	0.042686
0.029540	0.042689
0.029550	0.042691
0.029560	0.042693
0.029570	0.042696
0.029580	0.042698
0.029590	0.042700
0.029600	0.042702
0.029610	0.042705
0.029620	0.042707
0.029630	0.042709
0.029640	0.042712
0.029650	0.042714
0.029660	0.042716
0.029670	0.042718
0.029680	0.042721
0.029690	0.042723
0.029700	0.042725
0.029710	0.042727
0.029720	0.042730
0.029730	0.042732
0.029740	0.042734
0.029750	0.042736
0.029760	0.042739
0.029770	0.042741
0.029780	0.042743
0.029790	0.042745
0.029800	0.042747
0.029810	0.042750
0.029820	0.042752
0.029830	0.042754
0.029840	0.042756
0.029850	0.042759
0.029860	0.042761
0.029870	0.042763
0.029880	0.042765
0.029890	0.042767
0.029900	0.042770
0.029910	0.042772
0.029920	0.042774
0.029930	0.042776
0.029940	0.042778
0.029950	0.042781
0.029960	0.042783
0.029970	0.042785
0.029980	0.042787
0.029990	0.042789
0.030000	0.042792
0.030010	0.042794
0.030020	0.042796
0.030030	0.042798
0.030040	0.042800
0.030050	0.042802
0.030060	0.042805
0.030070	0.042807
0.030080	0.042809
0.030090	0.042811
0.030100	0.042813
0.030110	0.042816
0.030120	0.042818
0.030130	0.042820
0.030140	0.042822
0.030150	0.042824
0.030160	0.042826
0.030170	0.042829
0.030180	0.042831
0.030190	0.042833
0.030200	0.042835
0.030210	0.042837
0.030220	0.042839
0.030230	0.042842
0.030240	0.042844
0.030250	0.042846
0.030260	0.042848
0.030270	0.042850
0.030280	0.042853
0.030290	0.042855
0.030300	0.042857
0.030310	0.042859
0.030320	0.042861
0.030330	0.042863
0.030340	0.042866
0.030350	0.042868
0.030360	0.042870
0.030370	0.042872
0.030380	0.042874
0.030390	0.042876
0.030400	0.042879
0.030410	0.042881
0.030420	0.042883
0.030430	0.042885
0.030440	0.042887
0.030450	0.042890
0.030460	0.042892
0.030470	0.042894
0.030480	0.042896
0.030490	0.042898
0.030500	0.042900
0.030510	0.042903
0.030520	0.042905
0.030530	0.042907
0.030540	0.042909
0.030550	0.042911
0.030560	0.042914
0.030570	0.042916
0.030580	0.042918
0.030590	0.042920
0.030600	0.042922
0.030610	0.042925
0.030620	0.042927
0.030630	0.042929
0.030640	0.042931
0.030650	0.042933
0.030660	0.042936
0.030670	0.042938
0.030680	0.042940
0.030690	0.042942
0.030700	0.042944
0.030710	0.042947
0.030720	0.042949
0.030730	0.042951
0.030740	0.042953
0.030750	0.042956
0.030760	0.042958
0.030770	0.042960
0.030780	0.042962
0.030790	0.042964
0.030800	0.042967
0.030810	0.042969
0.030820	0.042971
0.030830	0.042973
0.030840	0.042976
0.030850	0.042978
0.030860	0.042980
0.030870	0.042983
0.030880	0.042985
0.030890	0.042987
0.030900	0.042989
0.030910	0.042992
0.030920	0.042994
0.030930	0.042996
0.030940	0.042998
0.030950	0.043001
0.030960	0.043003
0.030970	0.043005
0.030980	0.043008
0.030990	0.043010
0.031000	0.043012
0.031010	0.043015
0.031020	0.043017
0.031030	0.043019
0.031040	0.043022
0.031050	0.043024
0.031060	0.043026
0.031070	0.043029
0.031080	0.043031
0.031090	0.043033
0.031100	0.043036
0.031110	0.043038
0.031120	0.043040
0.031130	0.043043
0.031140	0.043045
0.031150	0.043047
0.031160	0.043050
0.031170	0.043052
0.031180	0.043055
0.031190	0.043057
0.031200	0.043059
0.031210	0.043062
0.031220	0.043064
0.031230	0.043067
0.031240	0.043069
0.031250	0.043071
0.031260	0.043074
0.031270	0.043076
0.031280	0.043079
0.031290	0.043081
0.031300	0.043084
0.031310	0.043086
0.031320	0.043088
0.031330	0.043091
0.031340	0.043093
0.031350	0.043096
0.031360	0.043098
0.031370	0.043101
0.031380	0.043103
0.031390	0.043106
0.031400	0.043108
0.031410	0.043111
0.031420	0.043113
0.031430	0.043116
0.031440	0.043118
0.031450	0.043121
0.031460	0.043123
0.031470	0.043126
0.031480	0.043128
0.031490	0.043131
0.031500	0.043134
0.031510	0.043136
0.031520	0.043139
0.031530	0.043141
0.031540	0.043144
0.031550	0.043146
0.031560	0.043149
0.031570	0.043152
0.031580	0.043154
0.031590	0.043157
0.031600	0.043160
0.031610	0.043162
0.031620	0.043165
0.031630	0.043167
0.031640	0.043170
0.031650	0.043173
0.031660	0.043175
0.031670	0.043178
0.031680	0.043181
0.031690	0.043183
0.031700	0.043186
0.031710	0.043189
0.031720	0.043192
0.031730	0.043194
0.031740	0.043197
0.031750	0.043200
0.031760	0.043202
0.031770	0.043205
0.031780	0.043208
0.031790	0.043211
0.031800	0.043213
0.031810	0.043216
0.031820	0.043219
0.031830	0.043222
0.031840	0.043225
0.031850	0.043227
0.031860	0.043230
0.031870	0.043233
0.031880	0.043236
0.031890	0.043239
0.031900	0.043241
0.031910	0.043244
0.031920	0.043247
0.031930	0.043250
0.031940	0.043253
0.031950	0.043256
0.031960	0.043259
0.031970	0.043262
0.031980	0.043264
0.031990	0.043267
0.032000	0.043270
0.032010	0.043273
0.032020	0.043276
0.032030	0.043279
0.032040	0.043282
0.032050	0.043285
0.032060	0.043288
0.032070	0.043291
0.032080	0.043294
0.032090	0.043297
0.032100	0.043300
0.032110	0.043303
0.032120	0.043306
0.032130	0.043309
0.032140	0.043312
0.032150	0.043315
0.032160	0.043318
0.032170	0.043321
0.032180	0.043324
0.032190	0.043327
0.032200	0.043330
0.032210	0.043333
0.032220	0.043336
0.032230	0.043340
0.032240	0.043343
0.032250	0.043346
0.032260	0.043349
0.032270	0.043352
0.032280	0.043355
0.032290	0.043358
0.032300	0.043362
0.032310	0.043365
0.032320	0.043368
0.032330	0.043371
0.032340	0.043374
0.032350	0.043377
0.032360	0.043381
0.032370	0.043384
0.032380	0.043387
0.032390	0.043390
0.032400	0.043394
0.032410	0.043397
0.032420	0.043400
0.032430	0.043403
0.032440	0.043407
0.032450	0.043410
0.032460	0.043413
0.032470	0.043417
0.032480	0.043420
0.032490	0.043423
0.032500	0.043427
0.032510	0.043430
0.032520	0.043433
0.032530	0.043437
0.032540	0.043440
0.032550	0.043443
0.032560	0.043447
0.032570	0.043450
0.032580	0.043454
0.032590	0.043457
0.032600	0.043460
0.032610	0.043464
0.032620	0.043467
0.032630	0.043471
0.032640	0.043474
0.032650	0.043478
0.032660	0.043481
0.032670	0.043485
0.032680	0.043488
0.032690	0.043492
0.032700	0.043495
0.032710	0.043499
0.032720	0.043502
0.032730	0.043506
0.032740	0.043509
0.032750	0.043513
0.032760	0.043516
0.032770	0.043520
0.032780	0.043524
0.032790	0.043527
0.032800	0.043531
0.032810	0.043534
0.032820	0.043538
0.032830	0.043542
0.032840	0.043545
0.032850	0.043549
0.032860	0.043553
0.032870	0.043556
0.032880	0.043560
0.032890	0.043564
0.032900	0.043567
0.032910	0.043571
0.032920	0.043575
0.032930	0.043578
0.032940	0.043582
0.032950	0.043586
0.032960	0.043590
0.032970	0.043593
0.032980	0.043597
0.032990	0.043601
0.033000	0.043605
0.033010	0.043608
0.033020	0.043612
0.033030	0.043616
0.033040	0.043620
0.033050	0.043624
0.033060	0.043628
0.033070	0.043631
0.033080	0.043635
0.033090	0.043639
0.033100	0.043643
0.033110	0.043647
0.033120	0.043651
0.033130	0.043655
0.033140	0.043658
0.033150	0.043662
0.033160	0.043666
0.033170	0.043670
0.033180	0.043674
0.033190	0.043678
0.033200	0.043682
0.033210	0.043686
0.033220	0.043690
0.033230	0.043694
0.033240	0.043698
0.033250	0.043702
0.033260	0.043706
0.033270	0.043710
0.033280	0.043714
0.033290	0.043718
0.033300	0.043722
0.033310	0.043726
0.033320	0.043730
0.033330	0.043734
0.033340	0.043738
0.033350	0.043742
0.033360	0.043746
0.033370	0.043750
0.033380	0.043754
0.033390	0.043758
0.033400	0.043763
0.033410	0.043767
0.033420	0.043771
0.033430	0.043775
0.033440	0.043779
0.033450	0.043783
0.033460	0.043787
0.033470	0.043791
0.033480	0.043796
0.033490	0.043800
0.033500	0.043804
0.033510	0.043808
0.033520	0.043812
0.033530	0.043817
0.033540	0.043821
0.033550	0.043825
0.033560	0.043829
0.033570	0.043833
0.033580	0.043838
0.033590	0.043842
0.033600	0.043846
0.033610	0.043850
0.033620	0.043855
0.033630	0.043859
0.033640	0.043863
0.033650	0.043868
0.033660	0.043872
0.033670	0.043876
0.033680	0.043880
0.033690	0.043885
0.033700	0.043889
0.033710	0.043893
0.033720	0.043898
0.033730	0.043902
0.033740	0.043906
0.033750	0.043911
0.033760	0.043915
0.033770	0.043919
0.033780	0.043924
0.033790	0.043928
0.033800	0.043933
0.033810	0.043937
0.033820	0.043941
0.033830	0.043946
0.033840	0.043950
0.033850	0.043955
0.033860	0.043959
0.033870	0.043963
0.033880	0.043968
0.033890	0.043972
0.033900	0.043977
0.033910	0.043981
0.033920	0.043986
0.033930	0.043990
0.033940	0.043995
0.033950	0.043999
0.033960	0.044004
0.033970	0.044008
0.033980	0.044012
0.033990	0.044017
0.034000	0.044021
0.034010	0.044026
0.034020	0.044030
0.034030	0.044035
0.034040	0.044040
0.034050	0.044044
0.034060	0.044049
0.034070	0.044053
0.034080	0.044058
0.034090	0.044062
0.034100	0.044067
0.034110	0.044071
0.034120	0.044076
0.034130	0.044080
0.034140	0.044085
0.034150	0.044090
0.034160	0.044094
0.034170	0.044099
0.034180	0.044103
0.034190	0.044108
0.034200	0.044112
0.034210	0.044117
0.034220	0.044122
0.034230	0.044126
0.034240	0.044131
0.034250	0.044136
0.034260	0.044140
0.034270	0.044145
0.034280	0.044149
0.034290	0.044154
0.034300	0.044159
0.034310	0.044163
0.034320	0.044168
0.034330	0.044173
0.034340	0.044177
0.034350	0.044182
0.034360	0.044187
0.034370	0.044191
0.034380	0.044196
0.034390	0.044200
0.034400	0.044205
0.034410	0.044210
0.034420	0.044214
0.034430	0.044219
0.034440	0.044224
0.034450	0.044229
0.034460	0.044233
0.034470	0.044238
0.034480	0.044243
0.034490	0.044247
0.034500	0.044252
0.034510	0.044257
0.034520	0.044261
0.034530	0.044266
0.034540	0.044271
0.034550	0.044275
0.034560	0.044280
0.034570	0.044285
0.034580	0.044290
0.034590	0.044294
0.034600	0.044299
0.034610	0.044304
0.034620	0.044308
0.034630	0.044313
0.034640	0.044318
0.034650	0.044323
0.034660	0.044327
0.034670	0.044332
0.034680	0.044337
0.034690	0.044342
0.034700	0.044346
0.034710	0.044351
0.034720	0.044356
0.034730	0.044361
0.034740	0.044365
0.034750	0.044370
0.034760	0.044375
0.034770	0.044379
0.034780	0.044384
0.034790	0.044389
0.034800	0.044394
0.034810	0.044398
0.034820	0.044403
0.034830	0.044408
0.034840	0.044413
0.034850	0.044417
0.034860	0.044422
0.034870	0.044427
0.034880	0.044432
0.034890	0.044436
0.034900	0.044441
0.034910	0.044446
0.034920	0.044451
0.034930	0.044455
0.034940	0.044460
0.034950	0.044465
0.034960	0.044470
0.034970	0.044474
0.034980	0.044479
0.034990	0.044484
0.035000	0.044489
0.035010	0.044493
0.035020	0.044498
0.035030	0.044503
0.035040	0.044507
0.035050	0.044512
0.035060	0.044517
0.035070	0.044522
0.035080	0.044526
0.035090	0.044531
0.035100	0.044536
0.035110	0.044541
0.035120	0.044545
0.035130	0.044550
0.035140	0.044555
0.035150	0.044560
0.035160	0.044564
0.035170	0.044569
0.035180	0.044574
0.035190	0.044578
0.035200	0.044583
0.035210	0.044588
0.035220	0.044593
0.035230	0.044597
0.035240	0.044602
0.035250	0.044607
0.035260	0.044611
0.035270	0.044616
0.035280	0.044621
0.035290	0.044625
0.035300	0.044630
0.035310	0.044635
0.035320	0.044639
0.035330	0.044644
0.035340	0.044649
0.035350	0.044654
0.035360	0.044658
0.035370	0.044663
0.035380	0.044668
0.035390	0.044672
0.035400	0.044677
0.035410	0.044682
0.035420	0.044686
0.035430	0.044691
0.035440	0.044695
0.035450	0.044700
0.035460	0.044705
0.035470	0.044709
0.035480	0.044714
0.035490	0.044719
0.035500	0.044723
0.035510	0.044728
0.035520	0.044732
0.035530	0.044737
0.035540	0.044742
0.035550	0.044746
0.035560	0.044751
0.035570	0.044755
0.035580	0.044760
0.035590	0.044765
0.035600	0.044769
0.035610	0.044774
0.035620	0.044778
0.035630	0.044783
0.035640	0.044788
0.035650	0.044792
0.035660	0.044797
0.035670	0.044801
0.035680	0.044806
0.035690	0.044810
0.035700	0.044815
0.035710	0.044819
0.035720	0.044824
0.035730	0.044828
0.035740	0.044833
0.035750	0.044837
0.035760	0.044842
0.035770	0.044846
0.035780	0.044851
0.035790	0.044855
0.035800	0.044860
0.035810	0.044864
0.035820	0.044869
0.035830	0.044873
0.035840	0.044878
0.035850	0.044882
0.035860	0.044886
0.035870	0.044891
0.035880	0.044895
0.035890	0.044900
0.035900	0.044904
0.035910	0.044909
0.035920	0.044913
0.035930	0.044917
0.035940	0.044922
0.035950	0.044926
0.035960	0.044931
0.035970	0.044935
0.035980	0.044939
0.035990	0.044944
0.036000	0.044948
0.036010	0.044952
0.036020	0.044957
0.036030	0.044961
0.036040	0.044965
0.036050	0.044970
0.036060	0.044974
0.036070	0.044978
0.036080	0.044982
0.036090	0.044987
0.036100	0.044991
0.036110	0.044995
0.036120	0.045000
0.036130	0.045004
0.036140	0.045008
0.036150	0.045012
0.036160	0.045016
0.036170	0.045021
0.036180	0.045025
0.036190	0.045029
0.036200	0.045033
0.036210	0.045037
0.036220	0.045042
0.036230	0.045046
0.036240	0.045050
0.036250	0.045054
0.036260	0.045058
0.036270	0.045062
0.036280	0.045066
0.036290	0.045071
0.036300	0.045075
0.036310	0.045079
0.036320	0.045083
0.036330	0.045087
0.036340	0.045091
0.036350	0.045095
0.036360	0.045099
0.036370	0.045103
0.036380	0.045107
0.036390	0.045111
0.036400	0.045115
0.036410	0.045119
0.036420	0.045123
0.036430	0.045127
0.036440	0.045131
0.036450	0.045135
0.036460	0.045139
0.036470	0.045143
0.036480	0.045147
0.036490	0.045151
0.036500	0.045155
0.036510	0.045159
0.036520	0.045163
0.036530	0.045167
0.036540	0.045171
0.036550	0.045174
0.036560	0.045178
0.036570	0.045182
0.036580	0.045186
0.036590	0.045190
0.036600	0.045194
0.036610	0.045197
0.036620	0.045201
0.036630	0.045205
0.036640	0.045209
0.036650	0.045213
0.036660	0.045216
0.036670	0.045220
0.036680	0.045224
0.036690	0.045228
0.036700	0.045231
0.036710	0.045235
0.036720	0.045239
0.036730	0.045242
0.036740	0.045246
0.036750	0.045250
0.036760	0.045253
0.036770	0.045257
0.036780	0.045261
0.036790	0.045264
0.036800	0.045268
0.036810	0.045272
0.036820	0.045275
0.036830	0.045279
0.036840	0.045282
0.036850	0.045286
0.036860	0.045289
0.036870	0.045293
0.036880	0.045296
0.036890	0.045300
0.036900	0.045303
0.036910	0.045307
0.036920	0.045310
0.036930	0.045314
0.036940	0.045317
0.036950	0.045321
0.036960	0.045324
0.036970	0.045328
0.036980	0.045331
0.036990	0.045334
0.037000	0.045338
0.037010	0.045341
0.037020	0.045345
0.037030	0.045348
0.037040	0.045351
0.037050	0.045355
0.037060	0.045358
0.037070	0.045361
0.037080	0.045364
0.037090	0.045368
0.037100	0.045371
0.037110	0.045374
0.037120	0.045378
0.037130	0.045381
0.037140	0.045384
0.037150	0.045387
0.037160	0.045390
0.037170	0.045394
0.037180	0.045397
0.037190	0.045400
0.037200	0.045403
0.037210	0.045406
0.037220	0.045409
0.037230	0.045412
0.037240	0.045416
0.037250	0.045419
0.037260	0.045422
0.037270	0.045425
0.037280	0.045428
0.037290	0.045431
0.037300	0.045434
0.037310	0.045437
0.037320	0.045440
0.037330	0.045443
0.037340	0.045446
0.037350	0.045449
0.037360	0.045452
0.037370	0.045455
0.037380	0.045458
0.037390	0.045460
0.037400	0.045463
0.037410	0.045466
0.037420	0.045469
0.037430	0.045472
0.037440	0.045475
0.037450	0.045478
0.037460	0.045481
0.037470	0.045483
0.037480	0.045486
0.037490	0.045489
0.037500	0.045492
0.037510	0.045494
0.037520	0.045497
0.037530	0.045500
0.037540	0.045503
0.037550	0.045505
0.037560	0.045508
0.037570	0.045511
0.037580	0.045513
0.037590	0.045516
0.037600	0.045519
0.037610	0.045521
0.037620	0.045524
0.037630	0.045527
0.037640	0.045529
0.037650	0.045532
0.037660	0.045534
0.037670	0.045537
0.037680	0.045539
0.037690	0.045542
0.037700	0.045544
0.037710	0.045547
0.037720	0.045549
0.037730	0.045552
0.037740	0.045554
0.037750	0.045557
0.037760	0.045559
0.037770	0.045562
0.037780	0.045564
0.037790	0.045566
0.037800	0.045569
0.037810	0.045571
0.037820	0.045573
0.037830	0.045576
0.037840	0.045578
0.037850	0.045580
0.037860	0.045583
0.037870	0.045585
0.037880	0.045587
0.037890	0.045590
0.037900	0.045592
0.037910	0.045594
0.037920	0.045596
0.037930	0.045599
0.037940	0.045601
0.037950	0.045603
0.037960	0.045605
0.037970	0.045607
0.037980	0.045609
0.037990	0.045612
0.038000	0.045614
0.038010	0.045616
0.038020	0.045618
0.038030	0.045620
0.038040	0.045622
0.038050	0.045624
0.038060	0.045626
0.038070	0.045628
0.038080	0.045630
0.038090	0.045632
0.038100	0.045634
0.038110	0.045636
0.038120	0.045638
0.038130	0.045640
0.038140	0.045642
0.038150	0.045644
0.038160	0.045646
0.038170	0.045648
0.038180	0.045650
0.038190	0.045651
0.038200	0.045653
0.038210	0.045655
0.038220	0.045657
0.038230	0.045659
0.038240	0.045661
0.038250	0.045662
0.038260	0.045664
0.038270	0.045666
0.038280	0.045668
0.038290	0.045669
0.038300	0.045671
0.038310	0.045673
0.038320	0.045674
0.038330	0.045676
0.038340	0.045678
0.038350	0.045679
0.038360	0.045681
0.038370	0.045683
0.038380	0.045684
0.038390	0.045686
0.038400	0.045688
0.038410	0.045689
0.038420	0.045691
0.038430	0.045692
0.038440	0.045694
0.038450	0.045695
0.038460	0.045697
0.038470	0.045698
0.038480	0.045700
0.038490	0.045701
0.038500	0.045703
0.038510	0.045704
0.038520	0.045706
0.038530	0.045707
0.038540	0.045709
0.038550	0.045710
0.038560	0.045711
0.038570	0.045713
0.038580	0.045714
0.038590	0.045716
0.038600	0.045717
0.038610	0.045718
0.038620	0.045719
0.038630	0.045721
0.038640	0.045722
0.038650	0.045723
0.038660	0.045725
0.038670	0.045726
0.038680	0.045727
0.038690	0.045728
0.038700	0.045730
0.038710	0.045731
0.038720	0.045732
0.038730	0.045733
0.038740	0.045734
0.038750	0.045735
0.038760	0.045737
0.038770	0.045738
0.038780	0.045739
0.038790	0.045740
0.038800	0.045741
0.038810	0.045742
0.038820	0.045743
0.038830	0.045744
0.038840	0.045745
0.038850	0.045746
0.038860	0.045747
0.038870	0.045748
0.038880	0.045749
0.038890	0.045750
0.038900	0.045751
0.038910	0.045752
0.038920	0.045753
0.038930	0.045754
0.038940	0.045755
0.038950	0.045756
0.038960	0.045757
0.038970	0.045758
0.038980	0.045759
0.038990	0.045760
0.039000	0.045760
0.039010	0.045761
0.039020	0.045762
0.039030	0.045763
0.039040	0.045764
0.039050	0.045765
0.039060	0.045765
0.039070	0.045766
0.039080	0.045767
0.039090	0.045768
0.039100	0.045768
0.039110	0.045769
0.039120	0.045770
0.039130	0.045771
0.039140	0.045771
0.039150	0.045772
0.039160	0.045773
0.039170	0.045773
0.039180	0.045774
0.039190	0.045775
0.039200	0.045775
0.039210	0.045776
0.039220	0.045777
0.039230	0.045777
0.039240	0.045778
0.039250	0.045778
0.039260	0.045779
0.039270	0.045779
0.039280	0.045780
0.039290	0.045780
0.039300	0.045781
0.039310	0.045782
0.039320	0.045782
0.039330	0.045783
0.039340	0.045783
0.039350	0.045783
0.039360	0.045784
0.039370	0.045784
0.039380	0.045785
0.039390	0.045785
0.039400	0.045786
0.039410	0.045786
0.039420	0.045787
0.039430	0.045787
0.039440	0.045787
0.039450	0.045788
0.039460	0.045788
0.039470	0.045788
0.039480	0.045789
0.039490	0.045789
0.039500	0.045789
0.039510	0.045790
0.039520	0.045790
0.039530	0.045790
0.039540	0.045791
0.039550	0.045791
0.039560	0.045791
0.039570	0.045791
0.039580	0.045792
0.039590	0.045792
0.039600	0.045792
0.039610	0.045792
0.039620	0.045792
0.039630	0.045793
0.039640	0.045793
0.039650	0.045793
0.039660	0.045793
0.039670	0.045793
0.039680	0.045793
0.039690	0.045794
0.039700	0.045794
0.039710	0.045794
0.039720	0.045794
0.039730	0.045794
0.039740	0.045794
0.039750	0.045794
0.039760	0.045794
0.039770	0.045794
0.039780	0.045794
0.039790	0.045794
0.039800	0.045795
0.039810	0.045795
0.039820	0.045795
0.039830	0.045795
0.039840	0.045795
0.039850	0.045795
0.039860	0.045795
0.039870	0.045795
0.039880	0.045795
0.039890	0.045794
0.039900	0.045794
0.039910	0.045794
0.039920	0.045794
0.039930	0.045794
0.039940	0.045794
0.039950	0.045794
0.039960	0.045794
0.039970	0.045794
0.039980	0.045794
0.039990	0.045794
0.040000	0.045794
0.040010	0.045793
0.040020	0.045793
0.040030	0.045793
0.040040	0.045793
0.040050	0.045793
0.040060	0.045793
0.040070	0.045792
0.040080	0.045792
0.040090	0.045792
0.040100	0.045792
0.040110	0.045792
0.040120	0.045791
0.040130	0.045791
0.040140	0.045791
0.040150	0.045791
0.040160	0.045790
0.040170	0.045790
0.040180	0.045790
0.040190	0.045790
0.040200	0.045789
0.040210	0.045789
0.040220	0.045789
0.040230	0.045789
0.040240	0.045788
0.040250	0.045788
0.040260	0.045788
0.040270	0.045787
0.040280	0.045787
0.040290	0.045787
0.040300	0.045786
0.040310	0.045786
0.040320	0.045786
0.040330	0.045785
0.040340	0.045785
0.040350	0.045784
0.040360	0.045784
0.040370	0.045784
0.040380	0.045783
0.040390	0.045783
0.040400	0.045782
0.040410	0.045782
0.040420	0.045782
0.040430	0.045781
0.040440	0.045781
0.040450	0.045780
0.040460	0.045780
0.040470	0.045779
0.040480	0.045779
0.040490	0.045778
0.040500	0.045778
0.040510	0.045777
0.040520	0.045777
0.040530	0.045777
0.040540	0.045776
0.040550	0.045776
0.040560	0.045775
0.040570	0.045775
0.040580	0.045774
0.040590	0.045773
0.040600	0.045773
0.040610	0.045772
0.040620	0.045772
0.040630	0.045771
0.040640	0.045771
0.040650	0.045770
0.040660	0.045770
0.040670	0.045769
0.040680	0.045769
0.040690	0.045768
0.040700	0.045767
0.040710	0.045767
0.040720	0.045766
0.040730	0.045766
0.040740	0.045765
0.040750	0.045764
0.040760	0.045764
0.040770	0.045763
0.040780	0.045763
0.040790	0.045762
0.040800	0.045761
0.040810	0.045761
0.040820	0.045760
0.040830	0.045759
0.040840	0.045759
0.040850	0.045758
0.040860	0.045757
0.040870	0.045757
0.040880	0.045756
0.040890	0.045755
0.040900	0.045755
0.040910	0.045754
0.040920	0.045753
0.040930	0.045753
0.040940	0.045752
0.040950	0.045751
0.040960	0.045751
0.040970	0.045750
0.040980	0.045749
0.040990	0.045749
0.041000	0.045748
0.041010	0.045747
0.041020	0.045746
0.041030	0.045746
0.041040	0.045745
0.041050	0.045744
0.041060	0.045744
0.041070	0.045743
0.041080	0.045742
0.041090	0.045741
0.041100	0.045741
0.041110	0.045740
0.041120	0.045739
0.041130	0.045738
0.041140	0.045738
0.041150	0.045737
0.041160	0.045736
0.041170	0.045735
0.041180	0.045735
0.041190	0.045734
0.041200	0.045733
0.041210	0.045732
0.041220	0.045731
0.041230	0.045731
0.041240	0.045730
0.041250	0.045729
0.041260	0.045728
0.041270	0.045727
0.041280	0.045727
0.041290	0.045726
0.041300	0.045725
0.041310	0.045724
0.041320	0.045723
0.041330	0.045723
0.041340	0.045722
0.041350	0.045721
0.041360	0.045720
0.041370	0.045719
0.041380	0.045718
0.041390	0.045718
0.041400	0.045717
0.041410	0.045716
0.041420	0.045715
0.041430	0.045714
0.041440	0.045713
0.041450	0.045713
0.041460	0.045712
0.041470	0.045711
0.041480	0.045710
0.041490	0.045709
0.041500	0.045708
0.041510	0.045708
0.041520	0.045707
0.041530	0.045706
0.041540	0.045705
0.041550	0.045704
0.041560	0.045703
0.041570	0.045702
0.041580	0.045702
0.041590	0.045701
0.041600	0.045700
0.041610	0.045699
0.041620	0.045698
0.041630	0.045697
0.041640	0.045696
0.041650	0.045695
0.041660	0.045695
0.041670	0.045694
0.041680	0.045693
0.041690	0.045692
0.041700	0.045691
0.041710	0.045690
0.041720	0.045689
0.041730	0.045688
0.041740	0.045687
0.041750	0.045687
0.041760	0.045686
0.041770	0.045685
0.041780	0.045684
0.041790	0.045683
0.041800	0.045682
0.041810	0.045681
0.041820	0.045680
0.041830	0.045679
0.041840	0.045678
0.041850	0.045678
0.041860	0.045677
0.041870	0.045676
0.041880	0.045675
0.041890	0.045674
0.041900	0.045673
0.041910	0.045672
0.041920	0.045671
0.041930	0.045670
0.041940	0.045669
0.041950	0.045669
0.041960	0.045668
0.041970	0.045667
0.041980	0.045666
0.041990	0.045665
0.042000	0.045664
0.042010	0.045663
0.042020	0.045662
0.042030	0.045661
0.042040	0.045660
0.042050	0.045659
0.042060	0.045658
0.042070	0.045658
0.042080	0.045657
0.042090	0.045656
0.042100	0.045655
0.042110	0.045654
0.042120	0.045653
0.042130	0.045652
0.042140	0.045651
0.042150	0.045650
0.042160	0.045649
0.042170	0.045648
0.042180	0.045648
0.042190	0.045647
0.042200	0.045646
0.042210	0.045645
0.042220	0.045644
0.042230	0.045643
0.042240	0.045642
0.042250	0.045641
0.042260	0.045640
0.042270	0.045639
0.042280	0.045638
0.042290	0.045637
0.042300	0.045637
0.042310	0.045636
0.042320	0.045635
0.042330	0.045634
0.042340	0.045633
0.042350	0.045632
0.042360	0.045631
0.042370	0.045630
0.042380	0.045629
0.042390	0.045628
0.042400	0.045627
0.042410	0.045626
0.042420	0.045626
0.042430	0.045625
0.042440	0.045624
0.042450	0.045623
0.042460	0.045622
0.042470	0.045621
0.042480	0.045620
0.042490	0.045619
0.042500	0.045618
0.042510	0.045617
0.042520	0.045616
0.042530	0.045616
0.042540	0.045615
0.042550	0.045614
0.042560	0.045613
0.042570	0.045612
0.042580	0.045611
0.042590	0.045610
0.042600	0.045609
0.042610	0.045608
0.042620	0.045607
0.042630	0.045607
0.042640	0.045606
0.042650	0.045605
0.042660	0.045604
0.042670	0.045603
0.042680	0.045602
0.042690	0.045601
0.042700	0.045600
0.042710	0.045599
0.042720	0.045598
0.042730	0.045598
0.042740	0.045597
0.042750	0.045596
0.042760	0.045595
0.042770	0.045594
0.042780	0.045593
0.042790	0.045592
0.042800	0.045591
0.042810	0.045591
0.042820	0.045590
0.042830	0.045589
0.042840	0.045588
0.042850	0.045587
0.042860	0.045586
0.042870	0.045585
0.042880	0.045584
0.042890	0.045584
0.042900	0.045583
0.042910	0.045582
0.042920	0.045581
0.042930	0.045580
0.042940	0.045579
0.042950	0.045578
0.042960	0.045577
0.042970	0.045577
0.042980	0.045576
0.042990	0.045575
0.043000	0.045574
0.043010	0.045573
0.043020	0.045572
0.043030	0.045571
0.043040	0.045571
0.043050	0.045570
0.043060	0.045569
0.043070	0.045568
0.043080	0.045567
0.043090	0.045566
0.043100	0.045565
0.043110	0.045565
0.043120	0.045564
0.043130	0.045563
0.043140	0.045562
0.043150	0.045561
0.043160	0.045560
0.043170	0.045560
0.043180	0.045559
0.043190	0.045558
0.043200	0.045557
0.043210	0.045556
0.043220	0.045555
0.043230	0.045554
0.043240	0.045554
0.043250	0.045553
0.043260	0.045552
0.043270	0.045551
0.043280	0.045550
0.043290	0.045550
0.043300	0.045549
0.043310	0.045548
0.043320	0.045547
0.043330	0.045546
0.043340	0.045545
0.043350	0.045545
0.043360	0.045544
0.043370	0.045543
0.043380	0.045542
0.043390	0.045541
0.043400	0.045541
0.043410	0.045540
0.043420	0.045539
0.043430	0.045538
0.043440	0.045537
0.043450	0.045537
0.043460	0.045536
0.043470	0.045535
0.043480	0.045534
0.043490	0.045533
0.043500	0.045533
0.043510	0.045532
0.043520	0.045531
0.043530	0.045530
0.043540	0.045529
0.043550	0.045529
0.043560	0.045528
0.043570	0.045527
0.043580	0.045526
0.043590	0.045525
0.043600	0.045525
0.043610	0.045524
0.043620	0.045523
0.043630	0.045522
0.043640	0.045522
0.043650	0.045521
0.043660	0.045520
0.043670	0.045519
0.043680	0.045518
0.043690	0.045518
0.043700	0.045517
0.043710	0.045516
0.043720	0.045515
0.043730	0.045515
0.043740	0.045514
0.043750	0.045513
0.043760	0.045512
0.043770	0.045512
0.043780	0.045511
0.043790	0.045510
0.043800	0.045509
0.043810	0.045509
0.043820	0.045508
0.043830	0.045507
0.043840	0.045506
0.043850	0.045506
0.043860	0.045505
0.043870	0.045504
0.043880	0.045503
0.043890	0.045503
0.043900	0.045502
0.043910	0.045501
0.043920	0.045500
0.043930	0.045500
0.043940	0.045499
0.043950	0.045498
0.043960	0.045497
0.043970	0.045497
0.043980	0.045496
0.043990	0.045495
0.044000	0.045494
0.044010	0.045494
0.044020	0.045493
0.044030	0.045492
0.044040	0.045492
0.044050	0.045491
0.044060	0.045490
0.044070	0.045489
0.044080	0.045489
0.044090	0.045488
0.044100	0.045487
0.044110	0.045487
0.044120	0.045486
0.044130	0.045485
0.044140	0.045484
0.044150	0.045484
0.044160	0.045483
0.044170	0.045482
0.044180	0.045482
0.044190	0.045481
0.044200	0.045480
0.044210	0.045479
0.044220	0.045479
0.044230	0.045478
0.044240	0.045477
0.044250	0.045477
0.044260	0.045476
0.044270	0.045475
0.044280	0.045475
0.044290	0.045474
0.044300	0.045473
0.044310	0.045472
0.044320	0.045472
0.044330	0.045471
0.044340	0.045470
0.044350	0.045470
0.044360	0.045469
0.044370	0.045468
0.044380	0.045468
0.044390	0.045467
0.044400	0.045466
0.044410	0.045466
0.044420	0.045465
0.044430	0.045464
0.044440	0.045464
0.044450	0.045463
0.044460	0.045462
0.044470	0.045461
0.044480	0.045461
0.044490	0.045460
0.044500	0.045459
0.044510	0.045459
0.044520	0.045458
0.044530	0.045457
0.044540	0.045457
0.044550	0.045456
0.044560	0.045455
0.044570	0.045455
0.044580	0.045454
0.044590	0.045453
0.044600	0.045453
0.044610	0.045452
0.044620	0.045451
0.044630	0.045451
0.044640	0.045450
0.044650	0.045449
0.044660	0.045449
0.044670	0.045448
0.044680	0.045447
0.044690	0.045447
0.044700	0.045446
0.044710	0.045445
0.044720	0.045445
0.044730	0.045444
0.044740	0.045443
0.044750	0.045443
0.044760	0.045442
0.044770	0.045441
0.044780	0.045441
0.044790	0.045440
0.044800	0.045439
0.044810	0.045439
0.044820	0.045438
0.044830	0.045438
0.044840	0.045437
0.044850	0.045436
0.044860	0.045436
0.044870	0.045435
0.044880	0.045434
0.044890	0.045434
0.044900	0.045433
0.044910	0.045432
0.044920	0.045432
0.044930	0.045431
0.044940	0.045430
0.044950	0.045430
0.044960	0.045429
0.044970	0.045428
0.044980	0.045428
0.044990	0.045427
0.045000	0.045426
0.045010	0.045426
0.045020	0.045425
0.045030	0.045425
0.045040	0.045424
0.045050	0.045423
0.045060	0.045423
0.045070	0.045422
0.045080	0.045421
0.045090	0.045421
0.045100	0.045420
0.045110	0.045419
0.045120	0.045419
0.045130	0.045418
0.045140	0.045417
0.045150	0.045417
0.045160	0.045416
0.045170	0.045415
0.045180	0.045415
0.045190	0.045414
0.045200	0.045414
0.045210	0.045413
0.045220	0.045412
0.045230	0.045412
0.045240	0.045411
0.045250	0.045410
0.045260	0.045410
0.045270	0.045409
0.045280	0.045408
0.045290	0.045408
0.045300	0.045407
0.045310	0.045406
0.045320	0.045406
0.045330	0.045405
0.045340	0.045404
0.045350	0.045404
0.045360	0.045403
0.045370	0.045403
0.045380	0.045402
0.045390	0.045401
0.045400	0.045401
0.045410	0.045400
0.045420	0.045399
0.045430	0.045399
0.045440	0.045398
0.045450	0.045397
0.045460	0.045397
0.045470	0.045396
0.045480	0.045395
0.045490	0.045395
0.045500	0.045394
0.045510	0.045393
0.045520	0.045393
0.045530	0.045392
0.045540	0.045391
0.045550	0.045391
0.045560	0.045390
0.045570	0.045389
0.045580	0.045389
0.045590	0.045388
0.045600	0.045388
0.045610	0.045387
0.045620	0.045386
0.045630	0.045386
0.045640	0.045385
0.045650	0.045384
0.045660	0.045384
0.045670	0.045383
0.045680	0.045382
0.045690	0.045382
0.045700	0.045381
0.045710	0.045380
0.045720	0.045380
0.045730	0.045379
0.045740	0.045378
0.045750	0.045378
0.045760	0.045377
0.045770	0.045376
0.045780	0.045376
0.045790	0.045375
0.045800	0.045374
0.045810	0.045374
0.045820	0.045373
0.045830	0.045372
0.045840	0.045372
0.045850	0.045371
0.045860	0.045370
0.045870	0.045370
0.045880	0.045369
0.045890	0.045368
0.045900	0.045368
0.045910	0.045367
0.045920	0.045366
0.045930	0.045366
0.045940	0.045365
0.045950	0.045364
0.045960	0.045364
0.045970	0.045363
0.045980	0.045362
0.045990	0.045362
0.046000	0.045361
0.046010	0.045360
0.046020	0.045359
0.046030	0.045359
0.046040	0.045358
0.046050	0.045357
0.046060	0.045357
0.046070	0.045356
0.046080	0.045355
0.046090	0.045355
0.046100	0.045354
0.046110	0.045353
0.046120	0.045353
0.046130	0.045352
0.046140	0.045351
0.046150	0.045350
0.046160	0.045350
0.046170	0.045349
0.046180	0.045348
0.046190	0.045348
0.046200	0.045347
0.046210	0.045346
0.046220	0.045346
0.046230	0.045345
0.046240	0.045344
0.046250	0.045343
0.046260	0.045343
0.046270	0.045342
0.046280	0.045341
0.046290	0.045341
0.046300	0.045340
0.046310	0.045339
0.046320	0.045338
0.046330	0.045338
0.046340	0.045337
0.046350	0.045336
0.046360	0.045336
0.046370	0.045335
0.046380	0.045334
0.046390	0.045333
0.046400	0.045333
0.046410	0.045332
0.046420	0.045331
0.046430	0.045331
0.046440	0.045330
0.046450	0.045329
0.046460	0.045328
0.046470	0.045328
0.046480	0.045327
0.046490	0.045326
0.046500	0.045325
0.046510	0.045325
0.046520	0.045324
0.046530	0.045323
0.046540	0.045322
0.046550	0.045322
0.046560	0.045321
0.046570	0.045320
0.046580	0.045319
0.046590	0.045319
0.046600	0.045318
0.046610	0.045317
0.046620	0.045316
0.046630	0.045316
0.046640	0.045315
0.046650	0.045314
0.046660	0.045313
0.046670	0.045313
0.046680	0.045312
0.046690	0.045311
0.046700	0.045310
0.046710	0.045310
0.046720	0.045309
0.046730	0.045308
0.046740	0.045307
0.046750	0.045307
0.046760	0.045306
0.046770	0.045305
0.046780	0.045304
0.046790	0.045303
0.046800	0.045303
0.046810	0.045302
0.046820	0.045301
0.046830	0.045300
0.046840	0.045300
0.046850	0.045299
0.046860	0.045298
0.046870	0.045297
0.046880	0.045296
0.046890	0.045296
0.046900	0.045295
0.046910	0.045294
0.046920	0.045293
0.046930	0.045292
0.046940	0.045292
0.046950	0.045291
0.046960	0.045290
0.046970	0.045289
0.046980	0.045288
0.046990	0.045288
0.047000	0.045287
0.047010	0.045286
0.047020	0.045285
0.047030	0.045284
0.047040	0.045284
0.047050	0.045283
0.047060	0.045282
0.047070	0.045281
0.047080	0.045280
0.047090	0.045280
0.047100	0.045279
0.047110	0.045278
0.047120	0.045277
0.047130	0.045276
0.047140	0.045275
0.047150	0.045275
0.047160	0.045274
0.047170	0.045273
0.047180	0.045272
0.047190	0.045271
0.047200	0.045270
0.047210	0.045270
0.047220	0.045269
0.047230	0.045268
0.047240	0.045267
0.047250	0.045266
0.047260	0.045265
0.047270	0.045265
0.047280	0.045264
0.047290	0.045263
0.047300	0.045262
0.047310	0.045261
0.047320	0.045260
0.047330	0.045259
0.047340	0.045259
0.047350	0.045258
0.047360	0.045257
0.047370	0.045256
0.047380	0.045255
0.047390	0.045254
0.047400	0.045253
0.047410	0.045253
0.047420	0.045252
0.047430	0.045251
0.047440	0.045250
0.047450	0.045249
0.047460	0.045248
0.047470	0.045247
0.047480	0.045246
0.047490	0.045246
0.047500	0.045245
0.047510	0.045244
0.047520	0.045243
0.047530	0.045242
0.047540	0.045241
0.047550	0.045240
0.047560	0.045239
0.047570	0.045239
0.047580	0.045238
0.047590	0.045237
0.047600	0.045236
0.047610	0.045235
0.047620	0.045234
0.047630	0.045233
0.047640	0.045232
0.047650	0.045231
0.047660	0.045230
0.047670	0.045230
0.047680	0.045229
0.047690	0.045228
0.047700	0.045227
0.047710	0.045226
0.047720	0.045225
0.047730	0.045224
0.047740	0.045223
0.047750	0.045222
0.047760	0.045221
0.047770	0.045220
0.047780	0.045220
0.047790	0.045219
0.047800	0.045218
0.047810	0.045217
0.047820	0.045216
0.047830	0.045215
0.047840	0.045214
0.047850	0.045213
0.047860	0.045212
0.047870	0.045211
0.047880	0.045210
0.047890	0.045209
0.047900	0.045208
0.047910	0.045207
0.047920	0.045207
0.047930	0.045206
0.047940	0.045205
0.047950	0.045204
0.047960	0.045203
0.047970	0.045202
0.047980	0.045201
0.047990	0.045200
0.048000	0.045199
0.048010	0.045198
0.048020	0.045197
0.048030	0.045196
0.048040	0.045195
0.048050	0.045194
0.048060	0.045193
0.048070	0.045192
0.048080	0.045191
0.048090	0.045190
0.048100	0.045189
0.048110	0.045189
0.048120	0.045188
0.048130	0.045187
0.048140	0.045186
0.048150	0.045185
0.048160	0.045184
0.048170	0.045183
0.048180	0.045182
0.048190	0.045181
0.048200	0.045180
0.048210	0.045179
0.048220	0.045178
0.048230	0.045177
0.048240	0.045176
0.048250	0.045175
0.048260	0.045174
0.048270	0.045173
0.048280	0.045172
0.048290	0.045171
0.048300	0.045170
0.048310	0.045169
0.048320	0.045168
0.048330	0.045167
0.048340	0.045166
0.048350	0.045165
0.048360	0.045164
0.048370	0.045163
0.048380	0.045162
0.048390	0.045161
0.048400	0.045160
0.048410	0.045159
0.048420	0.045158
0.048430	0.045157
0.048440	0.045156
0.048450	0.045155
0.048460	0.045154
0.048470	0.045153
0.048480	0.045152
0.048490	0.045151
0.048500	0.045150
0.048510	0.045149
0.048520	0.045148
0.048530	0.045147
0.048540	0.045146
0.048550	0.045145
0.048560	0.045144
0.048570	0.045143
0.048580	0.045142
0.048590	0.045141
0.048600	0.045140
0.048610	0.045139
0.048620	0.045138
0.048630	0.045137
0.048640	0.045136
0.048650	0.045135
0.048660	0.045134
0.048670	0.045133
0.048680	0.045132
0.048690	0.045131
0.048700	0.045130
0.048710	0.045129
0.048720	0.045128
0.048730	0.045127
0.048740	0.045126
0.048750	0.045125
0.048760	0.045124
0.048770	0.045123
0.048780	0.045122
0.048790	0.045121
0.048800	0.045120
0.048810	0.045119
0.048820	0.045118
0.048830	0.045117
0.048840	0.045116
0.048850	0.045115
0.048860	0.045114
0.048870	0.045113
0.048880	0.045112
0.048890	0.045111
0.048900	0.045110
0.048910	0.045109
0.048920	0.045108
0.048930	0.045107
0.048940	0.045106
0.048950	0.045105
0.048960	0.045104
0.048970	0.045103
0.048980	0.045102
0.048990	0.045101
0.049000	0.045100
0.049010	0.045099
0.049020	0.045098
0.049030	0.045097
0.049040	0.045096
0.049050	0.045095
0.049060	0.045094
0.049070	0.045093
0.049080	0.045092
0.049090	0.045091
0.049100	0.045090
0.049110	0.045089
0.049120	0.045088
0.049130	0.045087
0.049140	0.045086
0.049150	0.045085
0.049160	0.045084
0.049170	0.045083
0.049180	0.045082
0.049190	0.045081
0.049200	0.045080
0.049210	0.045079
0.049220	0.045078
0.049230	0.045077
0.049240	0.045076
0.049250	0.045074
0.049260	0.045073
0.049270	0.045072
0.049280	0.045071
0.049290	0.045070
0.049300	0.045069
0.049310	0.045068
0.049320	0.045067
0.049330	0.045066
0.049340	0.045065
0.049350	0.045064
0.049360	0.045063
0.049370	0.045062
0.049380	0.045061
0.049390	0.045060
0.049400	0.045059
0.049410	0.045058
0.049420	0.045057
0.049430	0.045056
0.049440	0.045055
0.049450	0.045054
0.049460	0.045053
0.049470	0.045052
0.049480	0.045051
0.049490	0.045050
0.049500	0.045049
0.049510	0.045048
0.049520	0.045047
0.049530	0.045046
0.049540	0.045045
0.049550	0.045044
0.049560	0.045043
0.049570	0.045042
0.049580	0.045041
0.049590	0.045040
0.049600	0.045039
0.049610	0.045038
0.049620	0.045037
0.049630	0.045036
0.049640	0.045035
0.049650	0.045034
0.049660	0.045033
0.049670	0.045032
0.049680	0.045031
0.049690	0.045030
0.049700	0.045029
0.049710	0.045028
0.049720	0.045027
0.049730	0.045026
0.049740	0.045025
0.049750	0.045024
0.049760	0.045023
0.049770	0.045022
0.049780	0.045021
0.049790	0.045020
0.049800	0.045019
0.049810	0.045018
0.049820	0.045017
0.049830	0.045016
0.049840	0.045015
0.049850	0.045014
0.049860	0.045013
0.049870	0.045012
0.049880	0.045011
0.049890	0.045010
0.049900	0.045009
0.049910	0.045008
0.049920	0.045007
0.049930	0.045006
0.049940	0.045006
0.049950	0.045005
0.049960	0.045004
0.049970	0.045003
0.049980	0.045002
0.049990	0.045001
0.050000	0.045000
