0.000000	0.000000
0.000010	0.000000
0.000020	0.000001
0.000030	0.000003
0.000040	0.000006
0.000050	0.000009
0.000060	0.000013
0.000070	0.000018
0.000080	0.000024
0.000090	0.000030
0.000100	0.000037
0.000110	0.000045
0.000120	0.000054
0.000130	0.000063
0.000140	0.000073
0.000150	0.000083
0.000160	0.000095
0.000170	0.000107
0.000180	0.000120
0.000190	0.000134
0.000200	0.000148
0.000210	0.000163
0.000220	0.000179
0.000230	0.000195
0.000240	0.000212
0.000250	0.000230
0.000260	0.000249
0.000270	0.000268
0.000280	0.000288
0.000290	0.000309
0.000300	0.000330
0.000310	0.000352
0.000320	0.000375
0.000330	0.000399
0.000340	0.000423
0.000350	0.000448
0.000360	0.000473
0.000370	0.000499
0.000380	0.000526
0.000390	0.000554
0.000400	0.000582
0.000410	0.000611
0.000420	0.000641
0.000430	0.000671
0.000440	0.000702
0.000450	0.000734
0.000460	0.000767
0.000470	0.000800
0.000480	0.000833
0.000490	0.000868
0.000500	0.000903
0.000510	0.000938
0.000520	0.000975
0.000530	0.001012
0.000540	0.001049
0.000550	0.001088
0.000560	0.001127
0.000570	0.001166
0.000580	0.001207
0.000590	0.001248
0.000600	0.001289
0.000610	0.001331
0.000620	0.001374
0.000630	0.001418
0.000640	0.001462
0.000650	0.001506
0.000660	0.001552
0.000670	0.001598
0.000680	0.001644
0.000690	0.001692
0.000700	0.001740
0.000710	0.001788
0.000720	0.001837
0.000730	0.001887
0.000740	0.001937
0.000750	0.001988
0.000760	0.002040
0.000770	0.002092
0.000780	0.002145
0.000790	0.002198
0.000800	0.002252
0.000810	0.002307
0.000820	0.002362
0.000830	0.002418
0.000840	0.002474
0.000850	0.002531
0.000860	0.002589
0.000870	0.002647
0.000880	0.002706
0.000890	0.002765
0.000900	0.002825
0.000910	0.002885
0.000920	0.002946
0.000930	0.003008
0.000940	0.003070
0.000950	0.003133
0.000960	0.003196
0.000970	0.003260
0.000980	0.003325
0.000990	0.003390
0.001000	0.003455
0.001010	0.003521
0.001020	0.003588
0.001030	0.003655
0.001040	0.003723
0.001050	0.003791
0.001060	0.003860
0.001070	0.003930
0.001080	0.004000
0.001090	0.004070
0.001100	0.004141
0.001110	0.004213
0.001120	0.004285
0.001130	0.004357
0.001140	0.004431
0.001150	0.004504
0.001160	0.004578
0.001170	0.004653
0.001180	0.004728
0.001190	0.004804
0.001200	0.004880
0.001210	0.004957
0.001220	0.005035
0.001230	0.005112
0.001240	0.005191
0.001250	0.005269
0.001260	0.005349
0.001270	0.005429
0.001280	0.005509
0.001290	0.005590
0.001300	0.005671
0.001310	0.005753
0.001320	0.005835
0.001330	0.005918
0.001340	0.006001
0.001350	0.006085
0.001360	0.006169
0.001370	0.006253
0.001380	0.006338
0.001390	0.006424
0.001400	0.006510
0.001410	0.006597
0.001420	0.006684
0.001430	0.006771
0.001440	0.006859
0.001450	0.006947
0.001460	0.007036
0.001470	0.007125
0.001480	0.007215
0.001490	0.007305
0.001500	0.007396
0.001510	0.007487
0.001520	0.007578
0.001530	0.007670
0.001540	0.007762
0.001550	0.007855
0.001560	0.007948
0.001570	0.008042
0.001580	0.008136
0.001590	0.008231
0.001600	0.008325
0.001610	0.008421
0.001620	0.008517
0.001630	0.008613
0.001640	0.008709
0.001650	0.008806
0.001660	0.008904
0.001670	0.009001
0.001680	0.009100
0.001690	0.009198
0.001700	0.009297
0.001710	0.009396
0.001720	0.009496
0.001730	0.009596
0.001740	0.009697
0.001750	0.009798
0.001760	0.009899
0.001770	0.010001
0.001780	0.010103
0.001790	0.010205
0.001800	0.010308
0.001810	0.010411
0.001820	0.010515
0.001830	0.010619
0.001840	0.010723
0.001850	0.010828
0.001860	0.010933
0.001870	0.011038
0.001880	0.011144
0.001890	0.011250
0.001900	0.011356
0.001910	0.011463
0.001920	0.011570
0.001930	0.011678
0.001940	0.011785
0.001950	0.011893
0.001960	0.012002
0.001970	0.012111
0.001980	0.012220
0.001990	0.012329
0.002000	0.012439
0.002010	0.012549
0.002020	0.012660
0.002030	0.012770
0.002040	0.012881
0.002050	0.012993
0.002060	0.013105
0.002070	0.013217
0.002080	0.013329
0.002090	0.013442
0.002100	0.013554
0.002110	0.013668
0.002120	0.013781
0.002130	0.013895
0.002140	0.014009
0.002150	0.014124
0.002160	0.014238
0.002170	0.014353
0.002180	0.014469
0.002190	0.014584
0.002200	0.014700
0.002210	0.014816
0.002220	0.014933
0.002230	0.015049
0.002240	0.015166
0.002250	0.015283
0.002260	0.015401
0.002270	0.015519
0.002280	0.015637
0.002290	0.015755
0.002300	0.015873
0.002310	0.015992
0.002320	0.016111
0.002330	0.016231
0.002340	0.016350
0.002350	0.016470
0.002360	0.016590
0.002370	0.016710
0.002380	0.016831
0.002390	0.016952
0.002400	0.017073
0.002410	0.017194
0.002420	0.017315
0.002430	0.017437
0.002440	0.017559
0.002450	0.017681
0.002460	0.017803
0.002470	0.017926
0.002480	0.018049
0.002490	0.018172
0.002500	0.018295
0.002510	0.018419
0.002520	0.018542
0.002530	0.018666
0.002540	0.018790
0.002550	0.018915
0.002560	0.019039
0.002570	0.019164
0.002580	0.019289
0.002590	0.019414
0.002600	0.019539
0.002610	0.019665
0.002620	0.019790
0.002630	0.019916
0.002640	0.020042
0.002650	0.020168
0.002660	0.020295
0.002670	0.020421
0.002680	0.020548
0.002690	0.020675
0.002700	0.020802
0.002710	0.020929
0.002720	0.021057
0.002730	0.021185
0.002740	0.021312
0.002750	0.021440
0.002760	0.021568
0.002770	0.021697
0.002780	0.021825
0.002790	0.021954
0.002800	0.022082
0.002810	0.022211
0.002820	0.022340
0.002830	0.022470
0.002840	0.022599
0.002850	0.022728
0.002860	0.022858
0.002870	0.022988
0.002880	0.023118
0.002890	0.023248
0.002900	0.023378
0.002910	0.023508
0.002920	0.023638
0.002930	0.023769
0.002940	0.023900
0.002950	0.024030
0.002960	0.024161
0.002970	0.024292
0.002980	0.024424
0.002990	0.024555
0.003000	0.024686
0.003010	0.024818
0.003020	0.024949
0.003030	0.025081
0.003040	0.025213
0.003050	0.025345
0.003060	0.025477
0.003070	0.025609
0.003080	0.025741
0.003090	0.025874
0.003100	0.026006
0.003110	0.026138
0.003120	0.026271
0.003130	0.026404
0.003140	0.026537
0.003150	0.026669
0.003160	0.026802
0.003170	0.026935
0.003180	0.027069
0.003190	0.027202
0.003200	0.027335
0.003210	0.027468
0.003220	0.027602
0.003230	0.027735
0.003240	0.027869
0.003250	0.028003
0.003260	0.028136
0.003270	0.028270
0.003280	0.028404
0.003290	0.028538
0.003300	0.028672
0.003310	0.028806
0.003320	0.028940
0.003330	0.029074
0.003340	0.029208
0.003350	0.029342
0.003360	0.029477
0.003370	0.029611
0.003380	0.029745
0.003390	0.029880
0.003400	0.030014
0.003410	0.030149
0.003420	0.030283
0.003430	0.030418
0.003440	0.030553
0.003450	0.030687
0.003460	0.030822
0.003470	0.030957
0.003480	0.031092
0.003490	0.031226
0.003500	0.031361
0.003510	0.031496
0.003520	0.031631
0.003530	0.031766
0.003540	0.031901
0.003550	0.032036
0.003560	0.032171
0.003570	0.032306
0.003580	0.032441
0.003590	0.032576
0.003600	0.032711
0.003610	0.032846
0.003620	0.032981
0.003630	0.033116
0.003640	0.033251
0.003650	0.033386
0.003660	0.033521
0.003670	0.033656
0.003680	0.033792
0.003690	0.033927
0.003700	0.034062
0.003710	0.034197
0.003720	0.034332
0.003730	0.034467
0.003740	0.034602
0.003750	0.034737
0.003760	0.034872
0.003770	0.035007
0.003780	0.035142
0.003790	0.035277
0.003800	0.035412
0.003810	0.035547
0.003820	0.035682
0.003830	0.035817
0.003840	0.035952
0.003850	0.036087
0.003860	0.036222
0.003870	0.036357
0.003880	0.036492
0.003890	0.036626
0.003900	0.036761
0.003910	0.036896
0.003920	0.037031
0.003930	0.037165
0.003940	0.037300
0.003950	0.037435
0.003960	0.037569
0.003970	0.037704
0.003980	0.037838
0.003990	0.037973
0.004000	0.038107
0.004010	0.038242
0.004020	0.038376
0.004030	0.038510
0.004040	0.038645
0.004050	0.038779
0.004060	0.038913
0.004070	0.039047
0.004080	0.039181
0.004090	0.039315
0.004100	0.039449
0.004110	0.039583
0.004120	0.039717
0.004130	0.039851
0.004140	0.039985
0.004150	0.040118
0.004160	0.040252
0.004170	0.040386
0.004180	0.040519
0.004190	0.040653
0.004200	0.040786
0.004210	0.040919
0.004220	0.041053
0.004230	0.041186
0.004240	0.041319
0.004250	0.041452
0.004260	0.041585
0.004270	0.041718
0.004280	0.041851
0.004290	0.041984
0.004300	0.042117
0.004310	0.042249
0.004320	0.042382
0.004330	0.042514
0.004340	0.042647
0.004350	0.042779
0.004360	0.042912
0.004370	0.043044
0.004380	0.043176
0.004390	0.043308
0.004400	0.043440
0.004410	0.043572
0.004420	0.043704
0.004430	0.043835
0.004440	0.043967
0.004450	0.044099
0.004460	0.044230
0.004470	0.044362
0.004480	0.044493
0.004490	0.044624
0.004500	0.044755
0.004510	0.044886
0.004520	0.045017
0.004530	0.045148
0.004540	0.045279
0.004550	0.045409
0.004560	0.045540
0.004570	0.045670
0.004580	0.045801
0.004590	0.045931
0.004600	0.046061
0.004610	0.046191
0.004620	0.046321
0.004630	0.046451
0.004640	0.046581
0.004650	0.046711
0.004660	0.046840
0.004670	0.046970
0.004680	0.047099
0.004690	0.047229
0.004700	0.047358
0.004710	0.047487
0.004720	0.047616
0.004730	0.047745
0.004740	0.047873
0.004750	0.048002
0.004760	0.048131
0.004770	0.048259
0.004780	0.048387
0.004790	0.048516
0.004800	0.048644
0.004810	0.048772
0.004820	0.048900
0.004830	0.049027
0.004840	0.049155
0.004850	0.049283
0.004860	0.049410
0.004870	0.049537
0.004880	0.049665
0.004890	0.049792
0.004900	0.049919
0.004910	0.050046
0.004920	0.050172
0.004930	0.050299
0.004940	0.050425
0.004950	0.050552
0.004960	0.050678
0.004970	0.050804
0.004980	0.050930
0.004990	0.051056
0.005000	0.051182
0.005010	0.051308
0.005020	0.051433
0.005030	0.051559
0.005040	0.051684
0.005050	0.051809
0.005060	0.051934
0.005070	0.052059
0.005080	0.052184
0.005090	0.052309
0.005100	0.052433
0.005110	0.052558
0.005120	0.052682
0.005130	0.052806
0.005140	0.052930
0.005150	0.053054
0.005160	0.053178
0.005170	0.053302
0.005180	0.053425
0.005190	0.053549
0.005200	0.053672
0.005210	0.053795
0.005220	0.053918
0.005230	0.054041
0.005240	0.054164
0.005250	0.054286
0.005260	0.054409
0.005270	0.054531
0.005280	0.054653
0.005290	0.054776
0.005300	0.054898
0.005310	0.055019
0.005320	0.055141
0.005330	0.055263
0.005340	0.055384
0.005350	0.055505
0.005360	0.055627
0.005370	0.055748
0.005380	0.055869
0.005390	0.055989
0.005400	0.056110
0.005410	0.056231
0.005420	0.056351
0.005430	0.056471
0.005440	0.056591
0.005450	0.056711
0.005460	0.056831
0.005470	0.056951
0.005480	0.057070
0.005490	0.057190
0.005500	0.057309
0.005510	0.057428
0.005520	0.057547
0.005530	0.057666
0.005540	0.057785
0.005550	0.057903
0.005560	0.058022
0.005570	0.058140
0.005580	0.058258
0.005590	0.058376
0.005600	0.058494
0.005610	0.058612
0.005620	0.058730
0.005630	0.058847
0.005640	0.058964
0.005650	0.059082
0.005660	0.059199
0.005670	0.059316
0.005680	0.059432
0.005690	0.059549
0.005700	0.059666
0.005710	0.059782
0.005720	0.059898
0.005730	0.060014
0.005740	0.060130
0.005750	0.060246
0.005760	0.060362
0.005770	0.060477
0.005780	0.060593
0.005790	0.060708
0.005800	0.060823
0.005810	0.060938
0.005820	0.061053
0.005830	0.061167
0.005840	0.061282
0.005850	0.061396
0.005860	0.061511
0.005870	0.061625
0.005880	0.061739
0.005890	0.061853
0.005900	0.061966
0.005910	0.062080
0.005920	0.062193
0.005930	0.062307
0.005940	0.062420
0.005950	0.062533
0.005960	0.062646
0.005970	0.062758
0.005980	0.062871
0.005990	0.062983
0.006000	0.063096
0.006010	0.063208
0.006020	0.063320
0.006030	0.063432
0.006040	0.063543
0.006050	0.063655
0.006060	0.063766
0.006070	0.063878
0.006080	0.063989
0.006090	0.064100
0.006100	0.064211
0.006110	0.064321
0.006120	0.064432
0.006130	0.064542
0.006140	0.064653
0.006150	0.064763
0.006160	0.064873
0.006170	0.064983
0.006180	0.065093
0.006190	0.065202
0.006200	0.065312
0.006210	0.065421
0.006220	0.065530
0.006230	0.065639
0.006240	0.065748
0.006250	0.065857
0.006260	0.065966
0.006270	0.066074
0.006280	0.066183
0.006290	0.066291
0.006300	0.066399
0.006310	0.066507
0.006320	0.066615
0.006330	0.066722
0.006340	0.066830
0.006350	0.066937
0.006360	0.067044
0.006370	0.067152
0.006380	0.067258
0.006390	0.067365
0.006400	0.067472
0.006410	0.067579
0.006420	0.067685
0.006430	0.067791
0.006440	0.067897
0.006450	0.068003
0.006460	0.068109
0.006470	0.068215
0.006480	0.068321
0.006490	0.068426
0.006500	0.068531
0.006510	0.068637
0.006520	0.068742
0.006530	0.068847
0.006540	0.068951
0.006550	0.069056
0.006560	0.069161
0.006570	0.069265
0.006580	0.069369
0.006590	0.069473
0.006600	0.069577
0.006610	0.069681
0.006620	0.069785
0.006630	0.069888
0.006640	0.069992
0.006650	0.070095
0.006660	0.070198
0.006670	0.070301
0.006680	0.070404
0.006690	0.070507
0.006700	0.070610
0.006710	0.070712
0.006720	0.070814
0.006730	0.070917
0.006740	0.071019
0.006750	0.071121
0.006760	0.071223
0.006770	0.071324
0.006780	0.071426
0.006790	0.071527
0.006800	0.071629
0.006810	0.071730
0.006820	0.071831
0.006830	0.071932
0.006840	0.072032
0.006850	0.072133
0.006860	0.072234
0.006870	0.072334
0.006880	0.072434
0.006890	0.072534
0.006900	0.072634
0.006910	0.072734
0.006920	0.072834
0.006930	0.072934
0.006940	0.073033
0.006950	0.073132
0.006960	0.073232
0.006970	0.073331
0.006980	0.073430
0.006990	0.073529
0.007000	0.073627
0.007010	0.073726
0.007020	0.073824
0.007030	0.073923
0.007040	0.074021
0.007050	0.074119
0.007060	0.074217
0.007070	0.074315
0.007080	0.074413
0.007090	0.074510
0.007100	0.074608
0.007110	0.074705
0.007120	0.074802
0.007130	0.074899
0.007140	0.074996
0.007150	0.075093
0.007160	0.075190
0.007170	0.075286
0.007180	0.075383
0.007190	0.075479
0.007200	0.075575
0.007210	0.075671
0.007220	0.075767
0.007230	0.075863
0.007240	0.075959
0.007250	0.076055
0.007260	0.076150
0.007270	0.076245
0.007280	0.076341
0.007290	0.076436
0.007300	0.076531
0.007310	0.076626
0.007320	0.076720
0.007330	0.076815
0.007340	0.076909
0.007350	0.077004
0.007360	0.077098
0.007370	0.077192
0.007380	0.077286
0.007390	0.077380
0.007400	0.077474
0.007410	0.077568
0.007420	0.077661
0.007430	0.077755
0.007440	0.077848
0.007450	0.077941
0.007460	0.078034
0.007470	0.078127
0.007480	0.078220
0.007490	0.078313
0.007500	0.078405
0.007510	0.078498
0.007520	0.078590
0.007530	0.078683
0.007540	0.078775
0.007550	0.078867
0.007560	0.078959
0.007570	0.079050
0.007580	0.079142
0.007590	0.079234
0.007600	0.079325
0.007610	0.079416
0.007620	0.079508
0.007630	0.079599
0.007640	0.079690
0.007650	0.079781
0.007660	0.079871
0.007670	0.079962
0.007680	0.080052
0.007690	0.080143
0.007700	0.080233
0.007710	0.080323
0.007720	0.080413
0.007730	0.080503
0.007740	0.080593
0.007750	0.080683
0.007760	0.080773
0.007770	0.080862
0.007780	0.080951
0.007790	0.081041
0.007800	0.081130
0.007810	0.081219
0.007820	0.081308
0.007830	0.081397
0.007840	0.081485
0.007850	0.081574
0.007860	0.081663
0.007870	0.081751
0.007880	0.081839
0.007890	0.081927
0.007900	0.082015
0.007910	0.082103
0.007920	0.082191
0.007930	0.082279
0.007940	0.082367
0.007950	0.082454
0.007960	0.082541
0.007970	0.082629
0.007980	0.082716
0.007990	0.082803
0.008000	0.082890
0.008010	0.082977
0.008020	0.083063
0.008030	0.083150
0.008040	0.083237
0.008050	0.083323
0.008060	0.083409
0.008070	0.083496
0.008080	0.083582
0.008090	0.083668
0.008100	0.083753
0.008110	0.083839
0.008120	0.083925
0.008130	0.084010
0.008140	0.084096
0.008150	0.084181
0.008160	0.084266
0.008170	0.084351
0.008180	0.084437
0.008190	0.084521
0.008200	0.084606
0.008210	0.084691
0.008220	0.084775
0.008230	0.084860
0.008240	0.084944
0.008250	0.085029
0.008260	0.085113
0.008270	0.085197
0.008280	0.085281
0.008290	0.085365
0.008300	0.085448
0.008310	0.085532
0.008320	0.085615
0.008330	0.085699
0.008340	0.085782
0.008350	0.085865
0.008360	0.085948
0.008370	0.086031
0.008380	0.086114
0.008390	0.086197
0.008400	0.086280
0.008410	0.086362
0.008420	0.086445
0.008430	0.086527
0.008440	0.086609
0.008450	0.086691
0.008460	0.086773
0.008470	0.086855
0.008480	0.086937
0.008490	0.087019
0.008500	0.087100
0.008510	0.087182
0.008520	0.087263
0.008530	0.087345
0.008540	0.087426
0.008550	0.087507
0.008560	0.087588
0.008570	0.087669
0.008580	0.087750
0.008590	0.087830
0.008600	0.087911
0.008610	0.087991
0.008620	0.088072
0.008630	0.088152
0.008640	0.088232
0.008650	0.088312
0.008660	0.088392
0.008670	0.088472
0.008680	0.088551
0.008690	0.088631
0.008700	0.088711
0.008710	0.088790
0.008720	0.088869
0.008730	0.088948
0.008740	0.089028
0.008750	0.089106
0.008760	0.089185
0.008770	0.089264
0.008780	0.089343
0.008790	0.089421
0.008800	0.089500
0.008810	0.089578
0.008820	0.089656
0.008830	0.089735
0.008840	0.089813
0.008850	0.089891
0.008860	0.089968
0.008870	0.090046
0.008880	0.090124
0.008890	0.090201
0.008900	0.090279
0.008910	0.090356
0.008920	0.090433
0.008930	0.090510
0.008940	0.090587
0.008950	0.090664
0.008960	0.090741
0.008970	0.090817
0.008980	0.090894
0.008990	0.090970
0.009000	0.091047
0.009010	0.091123
0.009020	0.091199
0.009030	0.091275
0.009040	0.091351
0.009050	0.091427
0.009060	0.091502
0.009070	0.091578
0.009080	0.091654
0.009090	0.091729
0.009100	0.091804
0.009110	0.091879
0.009120	0.091954
0.009130	0.092029
0.009140	0.092104
0.009150	0.092179
0.009160	0.092254
0.009170	0.092328
0.009180	0.092402
0.009190	0.092477
0.009200	0.092551
0.009210	0.092625
0.009220	0.092699
0.009230	0.092773
0.009240	0.092847
0.009250	0.092920
0.009260	0.092994
0.009270	0.093067
0.009280	0.093141
0.009290	0.093214
0.009300	0.093287
0.009310	0.093360
0.009320	0.093433
0.009330	0.093505
0.009340	0.093578
0.009350	0.093651
0.009360	0.093723
0.009370	0.093795
0.009380	0.093868
0.009390	0.093940
0.009400	0.094012
0.009410	0.094084
0.009420	0.094155
0.009430	0.094227
0.009440	0.094299
0.009450	0.094370
0.009460	0.094441
0.009470	0.094513
0.009480	0.094584
0.009490	0.094655
0.009500	0.094726
0.009510	0.094796
0.009520	0.094867
0.009530	0.094937
0.009540	0.095008
0.009550	0.095078
0.009560	0.095148
0.009570	0.095218
0.009580	0.095288
0.009590	0.095358
0.009600	0.095428
0.009610	0.095498
0.009620	0.095567
0.009630	0.095637
0.009640	0.095706
0.009650	0.095775
0.009660	0.095844
0.009670	0.095913
0.009680	0.095982
0.009690	0.096050
0.009700	0.096119
0.009710	0.096188
0.009720	0.096256
0.009730	0.096324
0.009740	0.096392
0.009750	0.096460
0.009760	0.096528
0.009770	0.096596
0.009780	0.096663
0.009790	0.096731
0.009800	0.096798
0.009810	0.096866
0.009820	0.096933
0.009830	0.097000
0.009840	0.097067
0.009850	0.097134
0.009860	0.097200
0.009870	0.097267
0.009880	0.097333
0.009890	0.097400
0.009900	0.097466
0.009910	0.097532
0.009920	0.097598
0.009930	0.097664
0.009940	0.097729
0.009950	0.097795
0.009960	0.097860
0.009970	0.097926
0.009980	0.097991
0.009990	0.098056
0.010000	0.098121
0.010010	0.098186
0.010020	0.098251
0.010030	0.098315
0.010040	0.098380
0.010050	0.098444
0.010060	0.098508
0.010070	0.098572
0.010080	0.098636
0.010090	0.098700
0.010100	0.098764
0.010110	0.098828
0.010120	0.098891
0.010130	0.098954
0.010140	0.099018
0.010150	0.099081
0.010160	0.099144
0.010170	0.099206
0.010180	0.099269
0.010190	0.099332
0.010200	0.099394
0.010210	0.099457
0.010220	0.099519
0.010230	0.099581
0.010240	0.099643
0.010250	0.099705
0.010260	0.099766
0.010270	0.099828
0.010280	0.099889
0.010290	0.099950
0.010300	0.100012
0.010310	0.100073
0.010320	0.100133
0.010330	0.100194
0.010340	0.100255
0.010350	0.100315
0.010360	0.100376
0.010370	0.100436
0.010380	0.100496
0.010390	0.100556
0.010400	0.100616
0.010410	0.100675
0.010420	0.100735
0.010430	0.100794
0.010440	0.100854
0.010450	0.100913
0.010460	0.100972
0.010470	0.101031
0.010480	0.101089
0.010490	0.101148
0.010500	0.101206
0.010510	0.101265
0.010520	0.101323
0.010530	0.101381
0.010540	0.101439
0.010550	0.101496
0.010560	0.101554
0.010570	0.101612
0.010580	0.101669
0.010590	0.101726
0.010600	0.101783
0.010610	0.101840
0.010620	0.101897
0.010630	0.101953
0.010640	0.102010
0.010650	0.102066
0.010660	0.102123
0.010670	0.102179
0.010680	0.102234
0.010690	0.102290
0.010700	0.102346
0.010710	0.102401
0.010720	0.102457
0.010730	0.102512
0.010740	0.102567
0.010750	0.102622
0.010760	0.102677
0.010770	0.102731
0.010780	0.102786
0.010790	0.102840
0.010800	0.102894
0.010810	0.102948
0.010820	0.103002
0.010830	0.103056
0.010840	0.103110
0.010850	0.103163
0.010860	0.103216
0.010870	0.103269
0.010880	0.103322
0.010890	0.103375
0.010900	0.103428
0.010910	0.103481
0.010920	0.103533
0.010930	0.103585
0.010940	0.103637
0.010950	0.103689
0.010960	0.103741
0.010970	0.103793
0.010980	0.103844
0.010990	0.103895
0.011000	0.103947
0.011010	0.103998
0.011020	0.104049
0.011030	0.104099
0.011040	0.104150
0.011050	0.104200
0.011060	0.104251
0.011070	0.104301
0.011080	0.104351
0.011090	0.104400
0.011100	0.104450
0.011110	0.104500
0.011120	0.104549
0.011130	0.104598
0.011140	0.104647
0.011150	0.104696
0.011160	0.104745
0.011170	0.104793
0.011180	0.104842
0.011190	0.104890
0.011200	0.104938
0.011210	0.104986
0.011220	0.105034
0.011230	0.105081
0.011240	0.105129
0.011250	0.105176
0.011260	0.105223
0.011270	0.105270
0.011280	0.105317
0.011290	0.105363
0.011300	0.105410
0.011310	0.105456
0.011320	0.105502
0.011330	0.105548
0.011340	0.105594
0.011350	0.105640
0.011360	0.105685
0.011370	0.105731
0.011380	0.105776
0.011390	0.105821
0.011400	0.105866
0.011410	0.105910
0.011420	0.105955
0.011430	0.105999
0.011440	0.106043
0.011450	0.106087
0.011460	0.106131
0.011470	0.106175
0.011480	0.106218
0.011490	0.106262
0.011500	0.106305
0.011510	0.106348
0.011520	0.106391
0.011530	0.106434
0.011540	0.106476
0.011550	0.106518
0.011560	0.106561
0.011570	0.106603
0.011580	0.106644
0.011590	0.106686
0.011600	0.106728
0.011610	0.106769
0.011620	0.106810
0.011630	0.106851
0.011640	0.106892
0.011650	0.106933
0.011660	0.106973
0.011670	0.107013
0.011680	0.107053
0.011690	0.107093
0.011700	0.107133
0.011710	0.107173
0.011720	0.107212
0.011730	0.107252
0.011740	0.107291
0.011750	0.107330
0.011760	0.107368
0.011770	0.107407
0.011780	0.107445
0.011790	0.107484
0.011800	0.107522
0.011810	0.107560
0.011820	0.107597
0.011830	0.107635
0.011840	0.107672
0.011850	0.107709
0.011860	0.107746
0.011870	0.107783
0.011880	0.107820
0.011890	0.107856
0.011900	0.107893
0.011910	0.107929
0.011920	0.107965
0.011930	0.108001
0.011940	0.108036
0.011950	0.108072
0.011960	0.108107
0.011970	0.108142
0.011980	0.108177
0.011990	0.108211
0.012000	0.108246
0.012010	0.108280
0.012020	0.108315
0.012030	0.108349
0.012040	0.108382
0.012050	0.108416
0.012060	0.108449
0.012070	0.108483
0.012080	0.108516
0.012090	0.108549
0.012100	0.108581
0.012110	0.108614
0.012120	0.108646
0.012130	0.108679
0.012140	0.108711
0.012150	0.108742
0.012160	0.108774
0.012170	0.108806
0.012180	0.108837
0.012190	0.108868
0.012200	0.108899
0.012210	0.108930
0.012220	0.108960
0.012230	0.108991
0.012240	0.109021
0.012250	0.109051
0.012260	0.109081
0.012270	0.109110
0.012280	0.109140
0.012290	0.109169
0.012300	0.109198
0.012310	0.109227
0.012320	0.109256
0.012330	0.109284
0.012340	0.109313
0.012350	0.109341
0.012360	0.109369
0.012370	0.109397
0.012380	0.109425
0.012390	0.109452
0.012400	0.109479
0.012410	0.109506
0.012420	0.109533
0.012430	0.109560
0.012440	0.109586
0.012450	0.109613
0.012460	0.109639
0.012470	0.109665
0.012480	0.109691
0.012490	0.109716
0.012500	0.109742
0.012510	0.109767
0.012520	0.109792
0.012530	0.109817
0.012540	0.109842
0.012550	0.109866
0.012560	0.109890
0.012570	0.109915
0.012580	0.109938
0.012590	0.109962
0.012600	0.109986
0.012610	0.110009
0.012620	0.110032
0.012630	0.110055
0.012640	0.110078
0.012650	0.110101
0.012660	0.110123
0.012670	0.110146
0.012680	0.110168
0.012690	0.110189
0.012700	0.110211
0.012710	0.110233
0.012720	0.110254
0.012730	0.110275
0.012740	0.110296
0.012750	0.110317
0.012760	0.110337
0.012770	0.110358
0.012780	0.110378
0.012790	0.110398
0.012800	0.110418
0.012810	0.110438
0.012820	0.110457
0.012830	0.110476
0.012840	0.110495
0.012850	0.110514
0.012860	0.110533
0.012870	0.110552
0.012880	0.110570
0.012890	0.110588
0.012900	0.110606
0.012910	0.110624
0.012920	0.110641
0.012930	0.110659
0.012940	0.110676
0.012950	0.110693
0.012960	0.110710
0.012970	0.110727
0.012980	0.110743
0.012990	0.110759
0.013000	0.110775
0.013010	0.110791
0.013020	0.110807
0.013030	0.110823
0.013040	0.110838
0.013050	0.110853
0.013060	0.110868
0.013070	0.110883
0.013080	0.110898
0.013090	0.110912
0.013100	0.110926
0.013110	0.110940
0.013120	0.110954
0.013130	0.110968
0.013140	0.110981
0.013150	0.110995
0.013160	0.111008
0.013170	0.111021
0.013180	0.111033
0.013190	0.111046
0.013200	0.111058
0.013210	0.111071
0.013220	0.111083
0.013230	0.111094
0.013240	0.111106
0.013250	0.111118
0.013260	0.111129
0.013270	0.111140
0.013280	0.111151
0.013290	0.111162
0.013300	0.111172
0.013310	0.111182
0.013320	0.111193
0.013330	0.111203
0.013340	0.111212
0.013350	0.111222
0.013360	0.111231
0.013370	0.111241
0.013380	0.111250
0.013390	0.111259
0.013400	0.111267
0.013410	0.111276
0.013420	0.111284
0.013430	0.111292
0.013440	0.111300
0.013450	0.111308
0.013460	0.111316
0.013470	0.111323
0.013480	0.111330
0.013490	0.111337
0.013500	0.111344
0.013510	0.111351
0.013520	0.111358
0.013530	0.111364
0.013540	0.111370
0.013550	0.111376
0.013560	0.111382
0.013570	0.111387
0.013580	0.111393
0.013590	0.111398
0.013600	0.111403
0.013610	0.111408
0.013620	0.111413
0.013630	0.111417
0.013640	0.111422
0.013650	0.111426
0.013660	0.111430
0.013670	0.111434
0.013680	0.111437
0.013690	0.111441
0.013700	0.111444
0.013710	0.111447
0.013720	0.111450
0.013730	0.111453
0.013740	0.111455
0.013750	0.111458
0.013760	0.111460
0.013770	0.111462
0.013780	0.111464
0.013790	0.111466
0.013800	0.111467
0.013810	0.111468
0.013820	0.111470
0.013830	0.111471
0.013840	0.111471
0.013850	0.111472
0.013860	0.111473
0.013870	0.111473
0.013880	0.111473
0.013890	0.111473
0.013900	0.111473
0.013910	0.111472
0.013920	0.111472
0.013930	0.111471
0.013940	0.111470
0.013950	0.111469
0.013960	0.111468
0.013970	0.111466
0.013980	0.111465
0.013990	0.111463
0.014000	0.111461
0.014010	0.111459
0.014020	0.111457
0.014030	0.111454
0.014040	0.111452
0.014050	0.111449
0.014060	0.111446
0.014070	0.111443
0.014080	0.111439
0.014090	0.111436
0.014100	0.111432
0.014110	0.111429
0.014120	0.111425
0.014130	0.111421
0.014140	0.111416
0.014150	0.111412
0.014160	0.111407
0.014170	0.111402
0.014180	0.111397
0.014190	0.111392
0.014200	0.111387
0.014210	0.111382
0.014220	0.111376
0.014230	0.111370
0.014240	0.111364
0.014250	0.111358
0.014260	0.111352
0.014270	0.111346
0.014280	0.111339
0.014290	0.111332
0.014300	0.111325
0.014310	0.111318
0.014320	0.111311
0.014330	0.111304
0.014340	0.111296
0.014350	0.111288
0.014360	0.111281
0.014370	0.111273
0.014380	0.111264
0.014390	0.111256
0.014400	0.111248
0.014410	0.111239
0.014420	0.111230
0.014430	0.111221
0.014440	0.111212
0.014450	0.111203
0.014460	0.111193
0.014470	0.111184
0.014480	0.111174
0.014490	0.111164
0.014500	0.111154
0.014510	0.111144
0.014520	0.111134
0.014530	0.111123
0.014540	0.111112
0.014550	0.111102
0.014560	0.111091
0.014570	0.111080
0.014580	0.111068
0.014590	0.111057
0.014600	0.111045
0.014610	0.111034
0.014620	0.111022
0.014630	0.111010
0.014640	0.110998
0.014650	0.110985
0.014660	0.110973
0.014670	0.110960
0.014680	0.110948
0.014690	0.110935
0.014700	0.110922
0.014710	0.110909
0.014720	0.110895
0.014730	0.110882
0.014740	0.110868
0.014750	0.110855
0.014760	0.110841
0.014770	0.110827
0.014780	0.110813
0.014790	0.110798
0.014800	0.110784
0.014810	0.110769
0.014820	0.110754
0.014830	0.110740
0.014840	0.110725
0.014850	0.110709
0.014860	0.110694
0.014870	0.110679
0.014880	0.110663
0.014890	0.110648
0.014900	0.110632
0.014910	0.110616
0.014920	0.110600
0.014930	0.110583
0.014940	0.110567
0.014950	0.110551
0.014960	0.110534
0.014970	0.110517
0.014980	0.110500
0.014990	0.110483
0.015000	0.110466
0.015010	0.110449
0.015020	0.110431
0.015030	0.110414
0.015040	0.110396
0.015050	0.110378
0.015060	0.110360
0.015070	0.110342
0.015080	0.110324
0.015090	0.110306
0.015100	0.110287
0.015110	0.110269
0.015120	0.110250
0.015130	0.110231
0.015140	0.110212
0.015150	0.110193
0.015160	0.110174
0.015170	0.110154
0.015180	0.110135
0.015190	0.110115
0.015200	0.110096
0.015210	0.110076
0.015220	0.110056
0.015230	0.110036
0.015240	0.110016
0.015250	0.109995
0.015260	0.109975
0.015270	0.109954
0.015280	0.109934
0.015290	0.109913
0.015300	0.109892
0.015310	0.109871
0.015320	0.109850
0.015330	0.109829
0.015340	0.109807
0.015350	0.109786
0.015360	0.109764
0.015370	0.109743
0.015380	0.109721
0.015390	0.109699
0.015400	0.109677
0.015410	0.109655
0.015420	0.109632
0.015430	0.109610
0.015440	0.109588
0.015450	0.109565
0.015460	0.109542
0.015470	0.109520
0.015480	0.109497
0.015490	0.109474
0.015500	0.109450
0.015510	0.109427
0.015520	0.109404
0.015530	0.109380
0.015540	0.109357
0.015550	0.109333
0.015560	0.109310
0.015570	0.109286
0.015580	0.109262
0.015590	0.109238
0.015600	0.109213
0.015610	0.109189
0.015620	0.109165
0.015630	0.109140
0.015640	0.109116
0.015650	0.109091
0.015660	0.109066
0.015670	0.109041
0.015680	0.109017
0.015690	0.108991
0.015700	0.108966
0.015710	0.108941
0.015720	0.108916
0.015730	0.108890
0.015740	0.108865
0.015750	0.108839
0.015760	0.108813
0.015770	0.108788
0.015780	0.108762
0.015790	0.108736
0.015800	0.108710
0.015810	0.108683
0.015820	0.108657
0.015830	0.108631
0.015840	0.108604
0.015850	0.108578
0.015860	0.108551
0.015870	0.108524
0.015880	0.108498
0.015890	0.108471
0.015900	0.108444
0.015910	0.108417
0.015920	0.108390
0.015930	0.108362
0.015940	0.108335
0.015950	0.108308
0.015960	0.108280
0.015970	0.108253
0.015980	0.108225
0.015990	0.108197
0.016000	0.108169
0.016010	0.108142
0.016020	0.108114
0.016030	0.108086
0.016040	0.108057
0.016050	0.108029
0.016060	0.108001
0.016070	0.107973
0.016080	0.107944
0.016090	0.107916
0.016100	0.107887
0.016110	0.107858
0.016120	0.107830
0.016130	0.107801
0.016140	0.107772
0.016150	0.107743
0.016160	0.107714
0.016170	0.107685
0.016180	0.107656
0.016190	0.107627
0.016200	0.107597
0.016210	0.107568
0.016220	0.107539
0.016230	0.107509
0.016240	0.107479
0.016250	0.107450
0.016260	0.107420
0.016270	0.107390
0.016280	0.107360
0.016290	0.107331
0.016300	0.107301
0.016310	0.107271
0.016320	0.107240
0.016330	0.107210
0.016340	0.107180
0.016350	0.107150
0.016360	0.107119
0.016370	0.107089
0.016380	0.107059
0.016390	0.107028
0.016400	0.106997
0.016410	0.106967
0.016420	0.106936
0.016430	0.106905
0.016440	0.106875
0.016450	0.106844
0.016460	0.106813
0.016470	0.106782
0.016480	0.106751
0.016490	0.106720
0.016500	0.106689
0.016510	0.106657
0.016520	0.106626
0.016530	0.106595
0.016540	0.106563
0.016550	0.106532
0.016560	0.106501
0.016570	0.106469
0.016580	0.106437
0.016590	0.106406
0.016600	0.106374
0.016610	0.106342
0.016620	0.106311
0.016630	0.106279
0.016640	0.106247
0.016650	0.106215
0.016660	0.106183
0.016670	0.106151
0.016680	0.106119
0.016690	0.106087
0.016700	0.106055
0.016710	0.106023
0.016720	0.105991
0.016730	0.105958
0.016740	0.105926
0.016750	0.105894
0.016760	0.105861
0.016770	0.105829
0.016780	0.105797
0.016790	0.105764
0.016800	0.105731
0.016810	0.105699
0.016820	0.105666
0.016830	0.105634
0.016840	0.105601
0.016850	0.105568
0.016860	0.105535
0.016870	0.105503
0.016880	0.105470
0.016890	0.105437
0.016900	0.105404
0.016910	0.105371
0.016920	0.105338
0.016930	0.105305
0.016940	0.105272
0.016950	0.105239
0.016960	0.105206
0.016970	0.105173
0.016980	0.105140
0.016990	0.105107
0.017000	0.105073
0.017010	0.105040
0.017020	0.105007
0.017030	0.104974
0.017040	0.104940
0.017050	0.104907
0.017060	0.104874
0.017070	0.104840
0.017080	0.104807
0.017090	0.104773
0.017100	0.104740
0.017110	0.104706
0.017120	0.104673
0.017130	0.104639
0.017140	0.104606
0.017150	0.104572
0.017160	0.104539
0.017170	0.104505
0.017180	0.104471
0.017190	0.104438
0.017200	0.104404
0.017210	0.104370
0.017220	0.104336
0.017230	0.104303
0.017240	0.104269
0.017250	0.104235
0.017260	0.104201
0.017270	0.104167
0.017280	0.104134
0.017290	0.104100
0.017300	0.104066
0.017310	0.104032
0.017320	0.103998
0.017330	0.103964
0.017340	0.103930
0.017350	0.103896
0.017360	0.103862
0.017370	0.103828
0.017380	0.103794
0.017390	0.103760
0.017400	0.103726
0.017410	0.103692
0.017420	0.103658
0.017430	0.103624
0.017440	0.103590
0.017450	0.103556
0.017460	0.103522
0.017470	0.103488
0.017480	0.103454
0.017490	0.103420
0.017500	0.103386
0.017510	0.103352
0.017520	0.103318
0.017530	0.103284
0.017540	0.103249
0.017550	0.103215
0.017560	0.103181
0.017570	0.103147
0.017580	0.103113
0.017590	0.103079
0.017600	0.103045
0.017610	0.103011
0.017620	0.102976
0.017630	0.102942
0.017640	0.102908
0.017650	0.102874
0.017660	0.102840
0.017670	0.102806
0.017680	0.102772
0.017690	0.102737
0.017700	0.102703
0.017710	0.102669
0.017720	0.102635
0.017730	0.102601
0.017740	0.102567
0.017750	0.102533
0.017760	0.102498
0.017770	0.102464
0.017780	0.102430
0.017790	0.102396
0.017800	0.102362
0.017810	0.102328
0.017820	0.102294
0.017830	0.102260
0.017840	0.102225
0.017850	0.102191
0.017860	0.102157
0.017870	0.102123
0.017880	0.102089
0.017890	0.102055
0.017900	0.102021
0.017910	0.101987
0.017920	0.101953
0.017930	0.101919
0.017940	0.101885
0.017950	0.101851
0.017960	0.101817
0.017970	0.101783
0.017980	0.101749
0.017990	0.101715
0.018000	0.101681
0.018010	0.101647
0.018020	0.101613
0.018030	0.101579
0.018040	0.101545
0.018050	0.101511
0.018060	0.101477
0.018070	0.101444
0.018080	0.101410
0.018090	0.101376
0.018100	0.101342
0.018110	0.101308
0.018120	0.101274
0.018130	0.101241
0.018140	0.101207
0.018150	0.101173
0.018160	0.101139
0.018170	0.101106
0.018180	0.101072
0.018190	0.101038
0.018200	0.101005
0.018210	0.100971
0.018220	0.100937
0.018230	0.100904
0.018240	0.100870
0.018250	0.100836
0.018260	0.100803
0.018270	0.100769
0.018280	0.100736
0.018290	0.100702
0.018300	0.100669
0.018310	0.100635
0.018320	0.100602
0.018330	0.100569
0.018340	0.100535
0.018350	0.100502
0.018360	0.100468
0.018370	0.100435
0.018380	0.100402
0.018390	0.100369
0.018400	0.100335
0.018410	0.100302
0.018420	0.100269
0.018430	0.100236
0.018440	0.100202
0.018450	0.100169
0.018460	0.100136
0.018470	0.100103
0.018480	0.100070
0.018490	0.100037
0.018500	0.100004
0.018510	0.099971
0.018520	0.099938
0.018530	0.099905
0.018540	0.099872
0.018550	0.099839
0.018560	0.099806
0.018570	0.099774
0.018580	0.099741
0.018590	0.099708
0.018600	0.099675
0.018610	0.099643
0.018620	0.099610
0.018630	0.099577
0.018640	0.099545
0.018650	0.099512
0.018660	0.099479
0.018670	0.099447
0.018680	0.099414
0.018690	0.099382
0.018700	0.099349
0.018710	0.099317
0.018720	0.099285
0.018730	0.099252
0.018740	0.099220
0.018750	0.099188
0.018760	0.099155
0.018770	0.099123
0.018780	0.099091
0.018790	0.099059
0.018800	0.099027
0.018810	0.098994
0.018820	0.098962
0.018830	0.098930
0.018840	0.098898
0.018850	0.098866
0.018860	0.098834
0.018870	0.098802
0.018880	0.098771
0.018890	0.098739
0.018900	0.098707
0.018910	0.098675
0.018920	0.098643
0.018930	0.098612
0.018940	0.098580
0.018950	0.098548
0.018960	0.098517
0.018970	0.098485
0.018980	0.098454
0.018990	0.098422
0.019000	0.098391
0.019010	0.098359
0.019020	0.098328
0.019030	0.098296
0.019040	0.098265
0.019050	0.098234
0.019060	0.098202
0.019070	0.098171
0.019080	0.098140
0.019090	0.098109
0.019100	0.098078
0.019110	0.098047
0.019120	0.098016
0.019130	0.097985
0.019140	0.097954
0.019150	0.097923
0.019160	0.097892
0.019170	0.097861
0.019180	0.097830
0.019190	0.097800
0.019200	0.097769
0.019210	0.097738
0.019220	0.097707
0.019230	0.097677
0.019240	0.097646
0.019250	0.097616
0.019260	0.097585
0.019270	0.097555
0.019280	0.097524
0.019290	0.097494
0.019300	0.097464
0.019310	0.097433
0.019320	0.097403
0.019330	0.097373
0.019340	0.097343
0.019350	0.097312
0.019360	0.097282
0.019370	0.097252
0.019380	0.097222
0.019390	0.097192
0.019400	0.097162
0.019410	0.097132
0.019420	0.097103
0.019430	0.097073
0.019440	0.097043
0.019450	0.097013
0.019460	0.096984
0.019470	0.096954
0.019480	0.096924
0.019490	0.096895
0.019500	0.096865
0.019510	0.096836
0.019520	0.096806
0.019530	0.096777
0.019540	0.096747
0.019550	0.096718
0.019560	0.096689
0.019570	0.096660
0.019580	0.096630
0.019590	0.096601
0.019600	0.096572
0.019610	0.096543
0.019620	0.096514
0.019630	0.096485
0.019640	0.096456
0.019650	0.096427
0.019660	0.096398
0.019670	0.096369
0.019680	0.096341
0.019690	0.096312
0.019700	0.096283
0.019710	0.096254
0.019720	0.096226
0.019730	0.096197
0.019740	0.096169
0.019750	0.096140
0.019760	0.096112
0.019770	0.096083
0.019780	0.096055
0.019790	0.096027
0.019800	0.095999
0.019810	0.095970
0.019820	0.095942
0.019830	0.095914
0.019840	0.095886
0.019850	0.095858
0.019860	0.095830
0.019870	0.095802
0.019880	0.095774
0.019890	0.095746
0.019900	0.095718
0.019910	0.095690
0.019920	0.095663
0.019930	0.095635
0.019940	0.095607
0.019950	0.095580
0.019960	0.095552
0.019970	0.095525
0.019980	0.095497
0.019990	0.095470
0.020000	0.095442
0.020010	0.095415
0.020020	0.095388
0.020030	0.095360
0.020040	0.095333
0.020050	0.095306
0.020060	0.095279
0.020070	0.095252
0.020080	0.095225
0.020090	0.095198
0.020100	0.095171
0.020110	0.095144
0.020120	0.095117
0.020130	0.095090
0.020140	0.095063
0.020150	0.095036
0.020160	0.095010
0.020170	0.094983
0.020180	0.094956
0.020190	0.094930
0.020200	0.094903
0.020210	0.094877
0.020220	0.094850
0.020230	0.094824
0.020240	0.094798
0.020250	0.094771
0.020260	0.094745
0.020270	0.094719
0.020280	0.094693
0.020290	0.094667
0.020300	0.094640
0.020310	0.094614
0.020320	0.094588
0.020330	0.094562
0.020340	0.094536
0.020350	0.094511
0.020360	0.094485
0.020370	0.094459
0.020380	0.094433
0.020390	0.094408
0.020400	0.094382
0.020410	0.094356
0.020420	0.094331
0.020430	0.094305
0.020440	0.094280
0.020450	0.094254
0.020460	0.094229
0.020470	0.094203
0.020480	0.094178
0.020490	0.094153
0.020500	0.094128
0.020510	0.094103
0.020520	0.094077
0.020530	0.094052
0.020540	0.094027
0.020550	0.094002
0.020560	0.093977
0.020570	0.093952
0.020580	0.093927
0.020590	0.093903
0.020600	0.093878
0.020610	0.093853
0.020620	0.093828
0.020630	0.093804
0.020640	0.093779
0.020650	0.093754
0.020660	0.093730
0.020670	0.093705
0.020680	0.093681
0.020690	0.093657
0.020700	0.093632
0.020710	0.093608
0.020720	0.093584
0.020730	0.093559
0.020740	0.093535
0.020750	0.093511
0.020760	0.093487
0.020770	0.093463
0.020780	0.093439
0.020790	0.093415
0.020800	0.093391
0.020810	0.093367
0.020820	0.093343
0.020830	0.093319
0.020840	0.093295
0.020850	0.093272
0.020860	0.093248
0.020870	0.093224
0.020880	0.093201
0.020890	0.093177
0.020900	0.093154
0.020910	0.093130
0.020920	0.093107
0.020930	0.093083
0.020940	0.093060
0.020950	0.093037
0.020960	0.093013
0.020970	0.092990
0.020980	0.092967
0.020990	0.092944
0.021000	0.092921
0.021010	0.092898
0.021020	0.092875
0.021030	0.092852
0.021040	0.092829
0.021050	0.092806
0.021060	0.092783
0.021070	0.092760
0.021080	0.092737
0.021090	0.092714
0.021100	0.092692
0.021110	0.092669
0.021120	0.092646
0.021130	0.092624
0.021140	0.092601
0.021150	0.092579
0.021160	0.092556
0.021170	0.092534
0.021180	0.092511
0.021190	0.092489
0.021200	0.092467
0.021210	0.092444
0.021220	0.092422
0.021230	0.092400
0.021240	0.092378
0.021250	0.092356
0.021260	0.092334
0.021270	0.092312
0.021280	0.092290
0.021290	0.092268
0.021300	0.092246
0.021310	0.092224
0.021320	0.092202
0.021330	0.092180
0.021340	0.092158
0.021350	0.092137
0.021360	0.092115
0.021370	0.092093
0.021380	0.092072
0.021390	0.092050
0.021400	0.092029
0.021410	0.092007
0.021420	0.091986
0.021430	0.091964
0.021440	0.091943
0.021450	0.091922
0.021460	0.091900
0.021470	0.091879
0.021480	0.091858
0.021490	0.091837
0.021500	0.091815
0.021510	0.091794
0.021520	0.091773
0.021530	0.091752
0.021540	0.091731
0.021550	0.091710
0.021560	0.091689
0.021570	0.091668
0.021580	0.091648
0.021590	0.091627
0.021600	0.091606
0.021610	0.091585
0.021620	0.091565
0.021630	0.091544
0.021640	0.091523
0.021650	0.091503
0.021660	0.091482
0.021670	0.091462
0.021680	0.091441
0.021690	0.091421
0.021700	0.091400
0.021710	0.091380
0.021720	0.091359
0.021730	0.091339
0.021740	0.091319
0.021750	0.091299
0.021760	0.091278
0.021770	0.091258
0.021780	0.091238
0.021790	0.091218
0.021800	0.091198
0.021810	0.091178
0.021820	0.091158
0.021830	0.091138
0.021840	0.091118
0.021850	0.091098
0.021860	0.091078
0.021870	0.091059
0.021880	0.091039
0.021890	0.091019
0.021900	0.090999
0.021910	0.090980
0.021920	0.090960
0.021930	0.090940
0.021940	0.090921
0.021950	0.090901
0.021960	0.090882
0.021970	0.090862
0.021980	0.090843
0.021990	0.090824
0.022000	0.090804
0.022010	0.090785
0.022020	0.090766
0.022030	0.090746
0.022040	0.090727
0.022050	0.090708
0.022060	0.090689
0.022070	0.090670
0.022080	0.090651
0.022090	0.090632
0.022100	0.090613
0.022110	0.090594
0.022120	0.090575
0.022130	0.090556
0.022140	0.090537
0.022150	0.090518
0.022160	0.090499
0.022170	0.090480
0.022180	0.090462
0.022190	0.090443
0.022200	0.090424
0.022210	0.090406
0.022220	0.090387
0.022230	0.090368
0.022240	0.090350
0.022250	0.090331
0.022260	0.090313
0.022270	0.090294
0.022280	0.090276
0.022290	0.090257
0.022300	0.090239
0.022310	0.090221
0.022320	0.090202
0.022330	0.090184
0.022340	0.090166
0.022350	0.090148
0.022360	0.090130
0.022370	0.090111
0.022380	0.090093
0.022390	0.090075
0.022400	0.090057
0.022410	0.090039
0.022420	0.090021
0.022430	0.090003
0.022440	0.089985
0.022450	0.089968
0.022460	0.089950
0.022470	0.089932
0.022480	0.089914
0.022490	0.089896
0.022500	0.089879
0.022510	0.089861
0.022520	0.089843
0.022530	0.089826
0.022540	0.089808
0.022550	0.089790
0.022560	0.089773
0.022570	0.089755
0.022580	0.089738
0.022590	0.089720
0.022600	0.089703
0.022610	0.089686
0.022620	0.089668
0.022630	0.089651
0.022640	0.089634
0.022650	0.089616
0.022660	0.089599
0.022670	0.089582
0.022680	0.089565
0.022690	0.089548
0.022700	0.089531
0.022710	0.089514
0.022720	0.089496
0.022730	0.089479
0.022740	0.089462
0.022750	0.089446
0.022760	0.089429
0.022770	0.089412
0.022780	0.089395
0.022790	0.089378
0.022800	0.089361
0.022810	0.089344
0.022820	0.089328
0.022830	0.089311
0.022840	0.089294
0.022850	0.089278
0.022860	0.089261
0.022870	0.089244
0.022880	0.089228
0.022890	0.089211
0.022900	0.089195
0.022910	0.089178
0.022920	0.089162
0.022930	0.089145
0.022940	0.089129
0.022950	0.089113
0.022960	0.089096
0.022970	0.089080
0.022980	0.089064
0.022990	0.089048
0.023000	0.089031
0.023010	0.089015
0.023020	0.088999
0.023030	0.088983
0.023040	0.088967
0.023050	0.088951
0.023060	0.088935
0.023070	0.088919
0.023080	0.088903
0.023090	0.088887
0.023100	0.088871
0.023110	0.088855
0.023120	0.088839
0.023130	0.088823
0.023140	0.088807
0.023150	0.088792
0.023160	0.088776
0.023170	0.088760
0.023180	0.088744
0.023190	0.088729
0.023200	0.088713
0.023210	0.088698
0.023220	0.088682
0.023230	0.088666
0.023240	0.088651
0.023250	0.088635
0.023260	0.088620
0.023270	0.088605
0.023280	0.088589
0.023290	0.088574
0.023300	0.088558
0.023310	0.088543
0.023320	0.088528
0.023330	0.088513
0.023340	0.088497
0.023350	0.088482
0.023360	0.088467
0.023370	0.088452
0.023380	0.088437
0.023390	0.088422
0.023400	0.088407
0.023410	0.088391
0.023420	0.088376
0.023430	0.088362
0.023440	0.088347
0.023450	0.088332
0.023460	0.088317
0.023470	0.088302
0.023480	0.088287
0.023490	0.088272
0.023500	0.088258
0.023510	0.088243
0.023520	0.088228
0.023530	0.088213
0.023540	0.088199
0.023550	0.088184
0.023560	0.088169
0.023570	0.088155
0.023580	0.088140
0.023590	0.088126
0.023600	0.088111
0.023610	0.088097
0.023620	0.088082
0.023630	0.088068
0.023640	0.088054
0.023650	0.088039
0.023660	0.088025
0.023670	0.088011
0.023680	0.087996
0.023690	0.087982
0.023700	0.087968
0.023710	0.087954
0.023720	0.087940
0.023730	0.087926
0.023740	0.087912
0.023750	0.087897
0.023760	0.087883
0.023770	0.087869
0.023780	0.087855
0.023790	0.087841
0.023800	0.087828
0.023810	0.087814
0.023820	0.087800
0.023830	0.087786
0.023840	0.087772
0.023850	0.087758
0.023860	0.087745
0.023870	0.087731
0.023880	0.087717
0.023890	0.087704
0.023900	0.087690
0.023910	0.087676
0.023920	0.087663
0.023930	0.087649
0.023940	0.087636
0.023950	0.087622
0.023960	0.087609
0.023970	0.087595
0.023980	0.087582
0.023990	0.087569
0.024000	0.087555
0.024010	0.087542
0.024020	0.087529
0.024030	0.087515
0.024040	0.087502
0.024050	0.087489
0.024060	0.087476
0.024070	0.087463
0.024080	0.087450
0.024090	0.087437
0.024100	0.087423
0.024110	0.087410
0.024120	0.087397
0.024130	0.087384
0.024140	0.087372
0.024150	0.087359
0.024160	0.087346
0.024170	0.087333
0.024180	0.087320
0.024190	0.087307
0.024200	0.087295
0.024210	0.087282
0.024220	0.087269
0.024230	0.087256
0.024240	0.087244
0.024250	0.087231
0.024260	0.087219
0.024270	0.087206
0.024280	0.087194
0.024290	0.087181
0.024300	0.087169
0.024310	0.087156
0.024320	0.087144
0.024330	0.087131
0.024340	0.087119
0.024350	0.087107
0.024360	0.087094
0.024370	0.087082
0.024380	0.087070
0.024390	0.087058
0.024400	0.087046
0.024410	0.087033
0.024420	0.087021
0.024430	0.087009
0.024440	0.086997
0.024450	0.086985
0.024460	0.086973
0.024470	0.086961
0.024480	0.086949
0.024490	0.086937
0.024500	0.086926
0.024510	0.086914
0.024520	0.086902
0.024530	0.086890
0.024540	0.086878
0.024550	0.086867
0.024560	0.086855
0.024570	0.086843
0.024580	0.086832
0.024590	0.086820
0.024600	0.086809
0.024610	0.086797
0.024620	0.086786
0.024630	0.086774
0.024640	0.086763
0.024650	0.086751
0.024660	0.086740
0.024670	0.086729
0.024680	0.086717
0.024690	0.086706
0.024700	0.086695
0.024710	0.086684
0.024720	0.086672
0.024730	0.086661
0.024740	0.086650
0.024750	0.086639
0.024760	0.086628
0.024770	0.086617
0.024780	0.086606
0.024790	0.086595
0.024800	0.086584
0.024810	0.086573
0.024820	0.086562
0.024830	0.086551
0.024840	0.086541
0.024850	0.086530
0.024860	0.086519
0.024870	0.086508
0.024880	0.086498
0.024890	0.086487
0.024900	0.086476
0.024910	0.086466
0.024920	0.086455
0.024930	0.086445
0.024940	0.086434
0.024950	0.086424
0.024960	0.086413
0.024970	0.086403
0.024980	0.086393
0.024990	0.086382
0.025000	0.086372
0.025010	0.086362
0.025020	0.086352
0.025030	0.086341
0.025040	0.086331
0.025050	0.086321
0.025060	0.086311
0.025070	0.086301
0.025080	0.086291
0.025090	0.086281
0.025100	0.086271
0.025110	0.086261
0.025120	0.086251
0.025130	0.086241
0.025140	0.086231
0.025150	0.086222
0.025160	0.086212
0.025170	0.086202
0.025180	0.086192
0.025190	0.086183
0.025200	0.086173
0.025210	0.086163
0.025220	0.086154
0.025230	0.086144
0.025240	0.086135
0.025250	0.086125
0.025260	0.086116
0.025270	0.086107
0.025280	0.086097
0.025290	0.086088
0.025300	0.086079
0.025310	0.086069
0.025320	0.086060
0.025330	0.086051
0.025340	0.086042
0.025350	0.086033
0.025360	0.086023
0.025370	0.086014
0.025380	0.086005
0.025390	0.085996
0.025400	0.085987
0.025410	0.085979
0.025420	0.085970
0.025430	0.085961
0.025440	0.085952
0.025450	0.085943
0.025460	0.085934
0.025470	0.085926
0.025480	0.085917
0.025490	0.085908
0.025500	0.085900
0.025510	0.085891
0.025520	0.085883
0.025530	0.085874
0.025540	0.085866
0.025550	0.085857
0.025560	0.085849
0.025570	0.085840
0.025580	0.085832
0.025590	0.085824
0.025600	0.085816
0.025610	0.085807
0.025620	0.085799
0.025630	0.085791
0.025640	0.085783
0.025650	0.085775
0.025660	0.085767
0.025670	0.085759
0.025680	0.085751
0.025690	0.085743
0.025700	0.085735
0.025710	0.085727
0.025720	0.085719
0.025730	0.085712
0.025740	0.085704
0.025750	0.085696
0.025760	0.085688
0.025770	0.085681
0.025780	0.085673
0.025790	0.085666
0.025800	0.085658
0.025810	0.085650
0.025820	0.085643
0.025830	0.085636
0.025840	0.085628
0.025850	0.085621
0.025860	0.085613
0.025870	0.085606
0.025880	0.085599
0.025890	0.085592
0.025900	0.085585
0.025910	0.085577
0.025920	0.085570
0.025930	0.085563
0.025940	0.085556
0.025950	0.085549
0.025960	0.085542
0.025970	0.085535
0.025980	0.085529
0.025990	0.085522
0.026000	0.085515
0.026010	0.085508
0.026020	0.085501
0.026030	0.085495
0.026040	0.085488
0.026050	0.085481
0.026060	0.085475
0.026070	0.085468
0.026080	0.085462
0.026090	0.085455
0.026100	0.085449
0.026110	0.085442
0.026120	0.085436
0.026130	0.085430
0.026140	0.085424
0.026150	0.085417
0.026160	0.085411
0.026170	0.085405
0.026180	0.085399
0.026190	0.085393
0.026200	0.085387
0.026210	0.085381
0.026220	0.085375
0.026230	0.085369
0.026240	0.085363
0.026250	0.085357
0.026260	0.085351
0.026270	0.085345
0.026280	0.085340
0.026290	0.085334
0.026300	0.085328
0.026310	0.085323
0.026320	0.085317
0.026330	0.085311
0.026340	0.085306
0.026350	0.085300
0.026360	0.085295
0.026370	0.085290
0.026380	0.085284
0.026390	0.085279
0.026400	0.085274
0.026410	0.085268
0.026420	0.085263
0.026430	0.085258
0.026440	0.085253
0.026450	0.085248
0.026460	0.085243
0.026470	0.085238
0.026480	0.085233
0.026490	0.085228
0.026500	0.085223
0.026510	0.085218
0.026520	0.085213
0.026530	0.085208
0.026540	0.085204
0.026550	0.085199
0.026560	0.085194
0.026570	0.085190
0.026580	0.085185
0.026590	0.085180
0.026600	0.085176
0.026610	0.085171
0.026620	0.085167
0.026630	0.085163
0.026640	0.085158
0.026650	0.085154
0.026660	0.085150
0.026670	0.085145
0.026680	0.085141
0.026690	0.085137
0.026700	0.085133
0.026710	0.085129
0.026720	0.085125
0.026730	0.085121
0.026740	0.085117
0.026750	0.085113
0.026760	0.085109
0.026770	0.085105
0.026780	0.085101
0.026790	0.085098
0.026800	0.085094
0.026810	0.085090
0.026820	0.085087
0.026830	0.085083
0.026840	0.085079
0.026850	0.085076
0.026860	0.085072
0.026870	0.085069
0.026880	0.085066
0.026890	0.085062
0.026900	0.085059
0.026910	0.085056
0.026920	0.085052
0.026930	0.085049
0.026940	0.085046
0.026950	0.085043
0.026960	0.085040
0.026970	0.085037
0.026980	0.085034
0.026990	0.085031
0.027000	0.085028
0.027010	0.085025
0.027020	0.085022
0.027030	0.085019
0.027040	0.085016
0.027050	0.085014
0.027060	0.085011
0.027070	0.085008
0.027080	0.085006
0.027090	0.085003
0.027100	0.085001
0.027110	0.084998
0.027120	0.084996
0.027130	0.084993
0.027140	0.084991
0.027150	0.084988
0.027160	0.084986
0.027170	0.084984
0.027180	0.084982
0.027190	0.084980
0.027200	0.084977
0.027210	0.084975
0.027220	0.084973
0.027230	0.084971
0.027240	0.084969
0.027250	0.084967
0.027260	0.084965
0.027270	0.084963
0.027280	0.084962
0.027290	0.084960
0.027300	0.084958
0.027310	0.084956
0.027320	0.084955
0.027330	0.084953
0.027340	0.084952
0.027350	0.084950
0.027360	0.084948
0.027370	0.084947
0.027380	0.084946
0.027390	0.084944
0.027400	0.084943
0.027410	0.084941
0.027420	0.084940
0.027430	0.084939
0.027440	0.084938
0.027450	0.084937
0.027460	0.084936
0.027470	0.084934
0.027480	0.084933
0.027490	0.084932
0.027500	0.084931
0.027510	0.084931
0.027520	0.084930
0.027530	0.084929
0.027540	0.084928
0.027550	0.084927
0.027560	0.084926
0.027570	0.084926
0.027580	0.084925
0.027590	0.084925
0.027600	0.084924
0.027610	0.084923
0.027620	0.084923
0.027630	0.084922
0.027640	0.084922
0.027650	0.084922
0.027660	0.084921
0.027670	0.084921
0.027680	0.084921
0.027690	0.084921
0.027700	0.084920
0.027710	0.084920
0.027720	0.084920
0.027730	0.084920
0.027740	0.084920
0.027750	0.084920
0.027760	0.084920
0.027770	0.084920
0.027780	0.084920
0.027790	0.084920
0.027800	0.084921
0.027810	0.084921
0.027820	0.084921
0.027830	0.084922
0.027840	0.084922
0.027850	0.084922
0.027860	0.084923
0.027870	0.084923
0.027880	0.084924
0.027890	0.084924
0.027900	0.084925
0.027910	0.084925
0.027920	0.084926
0.027930	0.084927
0.027940	0.084928
0.027950	0.084928
0.027960	0.084929
0.027970	0.084930
0.027980	0.084931
0.027990	0.084932
0.028000	0.084933
0.028010	0.084934
0.028020	0.084935
0.028030	0.084936
0.028040	0.084937
0.028050	0.084938
0.028060	0.084939
0.028070	0.084940
0.028080	0.084942
0.028090	0.084943
0.028100	0.084944
0.028110	0.084946
0.028120	0.084947
0.028130	0.084949
0.028140	0.084950
0.028150	0.084952
0.028160	0.084953
0.028170	0.084955
0.028180	0.084956
0.028190	0.084958
0.028200	0.084960
0.028210	0.084961
0.028220	0.084963
0.028230	0.084965
0.028240	0.084967
0.028250	0.084969
0.028260	0.084971
0.028270	0.084973
0.028280	0.084974
0.028290	0.084977
0.028300	0.084979
0.028310	0.084981
0.028320	0.084983
0.028330	0.084985
0.028340	0.084987
0.028350	0.084989
0.028360	0.084992
0.028370	0.084994
0.028380	0.084996
0.028390	0.084999
0.028400	0.085001
0.028410	0.085004
0.028420	0.085006
0.028430	0.085009
0.028440	0.085011
0.028450	0.085014
0.028460	0.085016
0.028470	0.085019
0.028480	0.085022
0.028490	0.085024
0.028500	0.085027
0.028510	0.085030
0.028520	0.085033
0.028530	0.085036
0.028540	0.085038
0.028550	0.085041
0.028560	0.085044
0.028570	0.085047
0.028580	0.085050
0.028590	0.085053
0.028600	0.085057
0.028610	0.085060
0.028620	0.085063
0.028630	0.085066
0.028640	0.085069
0.028650	0.085073
0.028660	0.085076
0.028670	0.085079
0.028680	0.085082
0.028690	0.085086
0.028700	0.085089
0.028710	0.085093
0.028720	0.085096
0.028730	0.085100
0.028740	0.085103
0.028750	0.085107
0.028760	0.085111
0.028770	0.085114
0.028780	0.085118
0.028790	0.085122
0.028800	0.085125
0.028810	0.085129
0.028820	0.085133
0.028830	0.085137
0.028840	0.085141
0.028850	0.085145
0.028860	0.085149
0.028870	0.085153
0.028880	0.085157
0.028890	0.085161
0.028900	0.085165
0.028910	0.085169
0.028920	0.085173
0.028930	0.085177
0.028940	0.085181
0.028950	0.085185
0.028960	0.085190
0.028970	0.085194
0.028980	0.085198
0.028990	0.085203
0.029000	0.085207
0.029010	0.085211
0.029020	0.085216
0.029030	0.085220
0.029040	0.085225
0.029050	0.085229
0.029060	0.085234
0.029070	0.085238
0.029080	0.085243
0.029090	0.085248
0.029100	0.085252
0.029110	0.085257
0.029120	0.085262
0.029130	0.085267
0.029140	0.085271
0.029150	0.085276
0.029160	0.085281
0.029170	0.085286
0.029180	0.085291
0.029190	0.085296
0.029200	0.085301
0.029210	0.085306
0.029220	0.085311
0.029230	0.085316
0.029240	0.085321
0.029250	0.085326
0.029260	0.085331
0.029270	0.085336
0.029280	0.085341
0.029290	0.085346
0.029300	0.085352
0.029310	0.085357
0.029320	0.085362
0.029330	0.085368
0.029340	0.085373
0.029350	0.085378
0.029360	0.085384
0.029370	0.085389
0.029380	0.085395
0.029390	0.085400
0.029400	0.085406
0.029410	0.085411
0.029420	0.085417
0.029430	0.085422
0.029440	0.085428
0.029450	0.085433
0.029460	0.085439
0.029470	0.085445
0.029480	0.085450
0.029490	0.085456
0.029500	0.085462
0.029510	0.085468
0.029520	0.085473
0.029530	0.085479
0.029540	0.085485
0.029550	0.085491
0.029560	0.085497
0.029570	0.085503
0.029580	0.085509
0.029590	0.085515
0.029600	0.085521
0.029610	0.085527
0.029620	0.085533
0.029630	0.085539
0.029640	0.085545
0.029650	0.085551
0.029660	0.085557
0.029670	0.085563
0.029680	0.085570
0.029690	0.085576
0.029700	0.085582
0.029710	0.085588
0.029720	0.085595
0.029730	0.085601
0.029740	0.085607
0.029750	0.085614
0.029760	0.085620
0.029770	0.085626
0.029780	0.085633
0.029790	0.085639
0.029800	0.085646
0.029810	0.085652
0.029820	0.085659
0.029830	0.085665
0.029840	0.085672
0.029850	0.085678
0.029860	0.085685
0.029870	0.085691
0.029880	0.085698
0.029890	0.085705
0.029900	0.085711
0.029910	0.085718
0.029920	0.085725
0.029930	0.085731
0.029940	0.085738
0.029950	0.085745
0.029960	0.085752
0.029970	0.085759
0.029980	0.085765
0.029990	0.085772
0.030000	0.085779
0.030010	0.085786
0.030020	0.085793
0.030030	0.085800
0.030040	0.085807
0.030050	0.085814
0.030060	0.085821
0.030070	0.085828
0.030080	0.085835
0.030090	0.085842
0.030100	0.085849
0.030110	0.085856
0.030120	0.085863
0.030130	0.085870
0.030140	0.085877
0.030150	0.085884
0.030160	0.085891
0.030170	0.085899
0.030180	0.085906
0.030190	0.085913
0.030200	0.085920
0.030210	0.085927
0.030220	0.085935
0.030230	0.085942
0.030240	0.085949
0.030250	0.085957
0.030260	0.085964
0.030270	0.085971
0.030280	0.085979
0.030290	0.085986
0.030300	0.085993
0.030310	0.086001
0.030320	0.086008
0.030330	0.086016
0.030340	0.086023
0.030350	0.086031
0.030360	0.086038
0.030370	0.086045
0.030380	0.086053
0.030390	0.086061
0.030400	0.086068
0.030410	0.086076
0.030420	0.086083
0.030430	0.086091
0.030440	0.086098
0.030450	0.086106
0.030460	0.086114
0.030470	0.086121
0.030480	0.086129
0.030490	0.086137
0.030500	0.086144
0.030510	0.086152
0.030520	0.086160
0.030530	0.086167
0.030540	0.086175
0.030550	0.086183
0.030560	0.086191
0.030570	0.086198
0.030580	0.086206
0.030590	0.086214
0.030600	0.086222
0.030610	0.086230
0.030620	0.086237
0.030630	0.086245
0.030640	0.086253
0.030650	0.086261
0.030660	0.086269
0.030670	0.086277
0.030680	0.086285
0.030690	0.086292
0.030700	0.086300
0.030710	0.086308
0.030720	0.086316
0.030730	0.086324
0.030740	0.086332
0.030750	0.086340
0.030760	0.086348
0.030770	0.086356
0.030780	0.086364
0.030790	0.086372
0.030800	0.086380
0.030810	0.086388
0.030820	0.086396
0.030830	0.086404
0.030840	0.086412
0.030850	0.086420
0.030860	0.086429
0.030870	0.086437
0.030880	0.086445
0.030890	0.086453
0.030900	0.086461
0.030910	0.086469
0.030920	0.086477
0.030930	0.086485
0.030940	0.086493
0.030950	0.086502
0.030960	0.086510
0.030970	0.086518
0.030980	0.086526
0.030990	0.086534
0.031000	0.086543
0.031010	0.086551
0.031020	0.086559
0.031030	0.086567
0.031040	0.086575
0.031050	0.086584
0.031060	0.086592
0.031070	0.086600
0.031080	0.086608
0.031090	0.086617
0.031100	0.086625
0.031110	0.086633
0.031120	0.086641
0.031130	0.086650
0.031140	0.086658
0.031150	0.086666
0.031160	0.086675
0.031170	0.086683
0.031180	0.086691
0.031190	0.086700
0.031200	0.086708
0.031210	0.086716
0.031220	0.086725
0.031230	0.086733
0.031240	0.086741
0.031250	0.086750
0.031260	0.086758
0.031270	0.086766
0.031280	0.086775
0.031290	0.086783
0.031300	0.086791
0.031310	0.086800
0.031320	0.086808
0.031330	0.086817
0.031340	0.086825
0.031350	0.086833
0.031360	0.086842
0.031370	0.086850
0.031380	0.086858
0.031390	0.086867
0.031400	0.086875
0.031410	0.086884
0.031420	0.086892
0.031430	0.086901
0.031440	0.086909
0.031450	0.086917
0.031460	0.086926
0.031470	0.086934
0.031480	0.086943
0.031490	0.086951
0.031500	0.086960
0.031510	0.086968
0.031520	0.086976
0.031530	0.086985
0.031540	0.086993
0.031550	0.087002
0.031560	0.087010
0.031570	0.087019
0.031580	0.087027
0.031590	0.087035
0.031600	0.087044
0.031610	0.087052
0.031620	0.087061
0.031630	0.087069
0.031640	0.087078
0.031650	0.087086
0.031660	0.087095
0.031670	0.087103
0.031680	0.087112
0.031690	0.087120
0.031700	0.087128
0.031710	0.087137
0.031720	0.087145
0.031730	0.087154
0.031740	0.087162
0.031750	0.087171
0.031760	0.087179
0.031770	0.087188
0.031780	0.087196
0.031790	0.087205
0.031800	0.087213
0.031810	0.087221
0.031820	0.087230
0.031830	0.087238
0.031840	0.087247
0.031850	0.087255
0.031860	0.087264
0.031870	0.087272
0.031880	0.087281
0.031890	0.087289
0.031900	0.087297
0.031910	0.087306
0.031920	0.087314
0.031930	0.087323
0.031940	0.087331
0.031950	0.087340
0.031960	0.087348
0.031970	0.087356
0.031980	0.087365
0.031990	0.087373
0.032000	0.087382
0.032010	0.087390
0.032020	0.087398
0.032030	0.087407
0.032040	0.087415
0.032050	0.087424
0.032060	0.087432
0.032070	0.087440
0.032080	0.087449
0.032090	0.087457
0.032100	0.087466
0.032110	0.087474
0.032120	0.087482
0.032130	0.087491
0.032140	0.087499
0.032150	0.087507
0.032160	0.087516
0.032170	0.087524
0.032180	0.087533
0.032190	0.087541
0.032200	0.087549
0.032210	0.087558
0.032220	0.087566
0.032230	0.087574
0.032240	0.087583
0.032250	0.087591
0.032260	0.087599
0.032270	0.087607
0.032280	0.087616
0.032290	0.087624
0.032300	0.087632
0.032310	0.087641
0.032320	0.087649
0.032330	0.087657
0.032340	0.087666
0.032350	0.087674
0.032360	0.087682
0.032370	0.087690
0.032380	0.087699
0.032390	0.087707
0.032400	0.087715
0.032410	0.087723
0.032420	0.087732
0.032430	0.087740
0.032440	0.087748
0.032450	0.087756
0.032460	0.087764
0.032470	0.087773
0.032480	0.087781
0.032490	0.087789
0.032500	0.087797
0.032510	0.087805
0.032520	0.087813
0.032530	0.087822
0.032540	0.087830
0.032550	0.087838
0.032560	0.087846
0.032570	0.087854
0.032580	0.087862
0.032590	0.087870
0.032600	0.087879
0.032610	0.087887
0.032620	0.087895
0.032630	0.087903
0.032640	0.087911
0.032650	0.087919
0.032660	0.087927
0.032670	0.087935
0.032680	0.087943
0.032690	0.087951
0.032700	0.087959
0.032710	0.087967
0.032720	0.087975
0.032730	0.087983
0.032740	0.087991
0.032750	0.087999
0.032760	0.088007
0.032770	0.088015
0.032780	0.088023
0.032790	0.088031
0.032800	0.088039
0.032810	0.088047
0.032820	0.088055
0.032830	0.088063
0.032840	0.088071
0.032850	0.088079
0.032860	0.088087
0.032870	0.088095
0.032880	0.088103
0.032890	0.088110
0.032900	0.088118
0.032910	0.088126
0.032920	0.088134
0.032930	0.088142
0.032940	0.088150
0.032950	0.088157
0.032960	0.088165
0.032970	0.088173
0.032980	0.088181
0.032990	0.088189
0.033000	0.088196
0.033010	0.088204
0.033020	0.088212
0.033030	0.088220
0.033040	0.088228
0.033050	0.088235
0.033060	0.088243
0.033070	0.088251
0.033080	0.088258
0.033090	0.088266
0.033100	0.088274
0.033110	0.088281
0.033120	0.088289
0.033130	0.088297
0.033140	0.088304
0.033150	0.088312
0.033160	0.088320
0.033170	0.088327
0.033180	0.088335
0.033190	0.088342
0.033200	0.088350
0.033210	0.088358
0.033220	0.088365
0.033230	0.088373
0.033240	0.088380
0.033250	0.088388
0.033260	0.088395
0.033270	0.088403
0.033280	0.088410
0.033290	0.088418
0.033300	0.088425
0.033310	0.088433
0.033320	0.088440
0.033330	0.088448
0.033340	0.088455
0.033350	0.088463
0.033360	0.088470
0.033370	0.088477
0.033380	0.088485
0.033390	0.088492
0.033400	0.088499
0.033410	0.088507
0.033420	0.088514
0.033430	0.088522
0.033440	0.088529
0.033450	0.088536
0.033460	0.088543
0.033470	0.088551
0.033480	0.088558
0.033490	0.088565
0.033500	0.088573
0.033510	0.088580
0.033520	0.088587
0.033530	0.088594
0.033540	0.088601
0.033550	0.088609
0.033560	0.088616
0.033570	0.088623
0.033580	0.088630
0.033590	0.088637
0.033600	0.088645
0.033610	0.088652
0.033620	0.088659
0.033630	0.088666
0.033640	0.088673
0.033650	0.088680
0.033660	0.088687
0.033670	0.088694
0.033680	0.088701
0.033690	0.088708
0.033700	0.088715
0.033710	0.088722
0.033720	0.088729
0.033730	0.088736
0.033740	0.088743
0.033750	0.088750
0.033760	0.088757
0.033770	0.088764
0.033780	0.088771
0.033790	0.088778
0.033800	0.088785
0.033810	0.088792
0.033820	0.088799
0.033830	0.088806
0.033840	0.088813
0.033850	0.088819
0.033860	0.088826
0.033870	0.088833
0.033880	0.088840
0.033890	0.088847
0.033900	0.088853
0.033910	0.088860
0.033920	0.088867
0.033930	0.088874
0.033940	0.088880
0.033950	0.088887
0.033960	0.088894
0.033970	0.088901
0.033980	0.088907
0.033990	0.088914
0.034000	0.088921
0.034010	0.088927
0.034020	0.088934
0.034030	0.088941
0.034040	0.088947
0.034050	0.088954
0.034060	0.088960
0.034070	0.088967
0.034080	0.088974
0.034090	0.088980
0.034100	0.088987
0.034110	0.088993
0.034120	0.089000
0.034130	0.089006
0.034140	0.089013
0.034150	0.089019
0.034160	0.089026
0.034170	0.089032
0.034180	0.089039
0.034190	0.089045
0.034200	0.089052
0.034210	0.089058
0.034220	0.089064
0.034230	0.089071
0.034240	0.089077
0.034250	0.089083
0.034260	0.089090
0.034270	0.089096
0.034280	0.089102
0.034290	0.089109
0.034300	0.089115
0.034310	0.089121
0.034320	0.089128
0.034330	0.089134
0.034340	0.089140
0.034350	0.089146
0.034360	0.089153
0.034370	0.089159
0.034380	0.089165
0.034390	0.089171
0.034400	0.089177
0.034410	0.089184
0.034420	0.089190
0.034430	0.089196
0.034440	0.089202
0.034450	0.089208
0.034460	0.089214
0.034470	0.089220
0.034480	0.089226
0.034490	0.089232
0.034500	0.089238
0.034510	0.089245
0.034520	0.089251
0.034530	0.089257
0.034540	0.089263
0.034550	0.089269
0.034560	0.089275
0.034570	0.089281
0.034580	0.089286
0.034590	0.089292
0.034600	0.089298
0.034610	0.089304
0.034620	0.089310
0.034630	0.089316
0.034640	0.089322
0.034650	0.089328
0.034660	0.089334
0.034670	0.089339
0.034680	0.089345
0.034690	0.089351
0.034700	0.089357
0.034710	0.089363
0.034720	0.089369
0.034730	0.089374
0.034740	0.089380
0.034750	0.089386
0.034760	0.089392
0.034770	0.089397
0.034780	0.089403
0.034790	0.089409
0.034800	0.089414
0.034810	0.089420
0.034820	0.089426
0.034830	0.089431
0.034840	0.089437
0.034850	0.089443
0.034860	0.089448
0.034870	0.089454
0.034880	0.089459
0.034890	0.089465
0.034900	0.089470
0.034910	0.089476
0.034920	0.089482
0.034930	0.089487
0.034940	0.089493
0.034950	0.089498
0.034960	0.089504
0.034970	0.089509
0.034980	0.089515
0.034990	0.089520
0.035000	0.089525
0.035010	0.089531
0.035020	0.089536
0.035030	0.089542
0.035040	0.089547
0.035050	0.089552
0.035060	0.089558
0.035070	0.089563
0.035080	0.089569
0.035090	0.089574
0.035100	0.089579
0.035110	0.089585
0.035120	0.089590
0.035130	0.089595
0.035140	0.089600
0.035150	0.089606
0.035160	0.089611
0.035170	0.089616
0.035180	0.089621
0.035190	0.089627
0.035200	0.089632
0.035210	0.089637
0.035220	0.089642
0.035230	0.089647
0.035240	0.089653
0.035250	0.089658
0.035260	0.089663
0.035270	0.089668
0.035280	0.089673
0.035290	0.089678
0.035300	0.089683
0.035310	0.089688
0.035320	0.089693
0.035330	0.089698
0.035340	0.089703
0.035350	0.089709
0.035360	0.089714
0.035370	0.089719
0.035380	0.089724
0.035390	0.089729
0.035400	0.089734
0.035410	0.089738
0.035420	0.089743
0.035430	0.089748
0.035440	0.089753
0.035450	0.089758
0.035460	0.089763
0.035470	0.089768
0.035480	0.089773
0.035490	0.089778
0.035500	0.089783
0.035510	0.089788
0.035520	0.089792
0.035530	0.089797
0.035540	0.089802
0.035550	0.089807
0.035560	0.089812
0.035570	0.089816
0.035580	0.089821
0.035590	0.089826
0.035600	0.089831
0.035610	0.089835
0.035620	0.089840
0.035630	0.089845
0.035640	0.089850
0.035650	0.089854
0.035660	0.089859
0.035670	0.089864
0.035680	0.089868
0.035690	0.089873
0.035700	0.089878
0.035710	0.089882
0.035720	0.089887
0.035730	0.089892
0.035740	0.089896
0.035750	0.089901
0.035760	0.089905
0.035770	0.089910
0.035780	0.089914
0.035790	0.089919
0.035800	0.089924
0.035810	0.089928
0.035820	0.089933
0.035830	0.089937
0.035840	0.089942
0.035850	0.089946
0.035860	0.089951
0.035870	0.089955
0.035880	0.089959
0.035890	0.089964
0.035900	0.089968
0.035910	0.089973
0.035920	0.089977
0.035930	0.089982
0.035940	0.089986
0.035950	0.089990
0.035960	0.089995
0.035970	0.089999
0.035980	0.090003
0.035990	0.090008
0.036000	0.090012
0.036010	0.090016
0.036020	0.090021
0.036030	0.090025
0.036040	0.090029
0.036050	0.090034
0.036060	0.090038
0.036070	0.090042
0.036080	0.090046
0.036090	0.090051
0.036100	0.090055
0.036110	0.090059
0.036120	0.090063
0.036130	0.090068
0.036140	0.090072
0.036150	0.090076
0.036160	0.090080
0.036170	0.090084
0.036180	0.090088
0.036190	0.090093
0.036200	0.090097
0.036210	0.090101
0.036220	0.090105
0.036230	0.090109
0.036240	0.090113
0.036250	0.090117
0.036260	0.090121
0.036270	0.090125
0.036280	0.090129
0.036290	0.090134
0.036300	0.090138
0.036310	0.090142
0.036320	0.090146
0.036330	0.090150
0.036340	0.090154
0.036350	0.090158
0.036360	0.090162
0.036370	0.090166
0.036380	0.090170
0.036390	0.090173
0.036400	0.090177
0.036410	0.090181
0.036420	0.090185
0.036430	0.090189
0.036440	0.090193
0.036450	0.090197
0.036460	0.090201
0.036470	0.090205
0.036480	0.090209
0.036490	0.090213
0.036500	0.090216
0.036510	0.090220
0.036520	0.090224
0.036530	0.090228
0.036540	0.090232
0.036550	0.090236
0.036560	0.090239
0.036570	0.090243
0.036580	0.090247
0.036590	0.090251
0.036600	0.090254
0.036610	0.090258
0.036620	0.090262
0.036630	0.090266
0.036640	0.090269
0.036650	0.090273
0.036660	0.090277
0.036670	0.090281
0.036680	0.090284
0.036690	0.090288
0.036700	0.090292
0.036710	0.090295
0.036720	0.090299
0.036730	0.090303
0.036740	0.090306
0.036750	0.090310
0.036760	0.090314
0.036770	0.090317
0.036780	0.090321
0.036790	0.090324
0.036800	0.090328
0.036810	0.090332
0.036820	0.090335
0.036830	0.090339
0.036840	0.090342
0.036850	0.090346
0.036860	0.090349
0.036870	0.090353
0.036880	0.090356
0.036890	0.090360
0.036900	0.090363
0.036910	0.090367
0.036920	0.090370
0.036930	0.090374
0.036940	0.090377
0.036950	0.090381
0.036960	0.090384
0.036970	0.090388
0.036980	0.090391
0.036990	0.090395
0.037000	0.090398
0.037010	0.090401
0.037020	0.090405
0.037030	0.090408
0.037040	0.090412
0.037050	0.090415
0.037060	0.090418
0.037070	0.090422
0.037080	0.090425
0.037090	0.090428
0.037100	0.090432
0.037110	0.090435
0.037120	0.090438
0.037130	0.090442
0.037140	0.090445
0.037150	0.090448
0.037160	0.090452
0.037170	0.090455
0.037180	0.090458
0.037190	0.090462
0.037200	0.090465
0.037210	0.090468
0.037220	0.090471
0.037230	0.090475
0.037240	0.090478
0.037250	0.090481
0.037260	0.090484
0.037270	0.090487
0.037280	0.090491
0.037290	0.090494
0.037300	0.090497
0.037310	0.090500
0.037320	0.090503
0.037330	0.090507
0.037340	0.090510
0.037350	0.090513
0.037360	0.090516
0.037370	0.090519
0.037380	0.090522
0.037390	0.090525
0.037400	0.090529
0.037410	0.090532
0.037420	0.090535
0.037430	0.090538
0.037440	0.090541
0.037450	0.090544
0.037460	0.090547
0.037470	0.090550
0.037480	0.090553
0.037490	0.090556
0.037500	0.090559
0.037510	0.090562
0.037520	0.090565
0.037530	0.090568
0.037540	0.090571
0.037550	0.090574
0.037560	0.090577
0.037570	0.090580
0.037580	0.090583
0.037590	0.090586
0.037600	0.090589
0.037610	0.090592
0.037620	0.090595
0.037630	0.090598
0.037640	0.090601
0.037650	0.090604
0.037660	0.090607
0.037670	0.090610
0.037680	0.090613
0.037690	0.090616
0.037700	0.090618
0.037710	0.090621
0.037720	0.090624
0.037730	0.090627
0.037740	0.090630
0.037750	0.090633
0.037760	0.090636
0.037770	0.090638
0.037780	0.090641
0.037790	0.090644
0.037800	0.090647
0.037810	0.090650
0.037820	0.090653
0.037830	0.090655
0.037840	0.090658
0.037850	0.090661
0.037860	0.090664
0.037870	0.090666
0.037880	0.090669
0.037890	0.090672
0.037900	0.090675
0.037910	0.090677
0.037920	0.090680
0.037930	0.090683
0.037940	0.090686
0.037950	0.090688
0.037960	0.090691
0.037970	0.090694
0.037980	0.090696
0.037990	0.090699
0.038000	0.090702
0.038010	0.090704
0.038020	0.090707
0.038030	0.090710
0.038040	0.090712
0.038050	0.090715
0.038060	0.090718
0.038070	0.090720
0.038080	0.090723
0.038090	0.090726
0.038100	0.090728
0.038110	0.090731
0.038120	0.090733
0.038130	0.090736
0.038140	0.090739
0.038150	0.090741
0.038160	0.090744
0.038170	0.090746
0.038180	0.090749
0.038190	0.090751
0.038200	0.090754
0.038210	0.090756
0.038220	0.090759
0.038230	0.090761
0.038240	0.090764
0.038250	0.090766
0.038260	0.090769
0.038270	0.090771
0.038280	0.090774
0.038290	0.090776
0.038300	0.090779
0.038310	0.090781
0.038320	0.090784
0.038330	0.090786
0.038340	0.090789
0.038350	0.090791
0.038360	0.090793
0.038370	0.090796
0.038380	0.090798
0.038390	0.090801
0.038400	0.090803
0.038410	0.090806
0.038420	0.090808
0.038430	0.090810
0.038440	0.090813
0.038450	0.090815
0.038460	0.090817
0.038470	0.090820
0.038480	0.090822
0.038490	0.090824
0.038500	0.090827
0.038510	0.090829
0.038520	0.090831
0.038530	0.090834
0.038540	0.090836
0.038550	0.090838
0.038560	0.090841
0.038570	0.090843
0.038580	0.090845
0.038590	0.090847
0.038600	0.090850
0.038610	0.090852
0.038620	0.090854
0.038630	0.090856
0.038640	0.090859
0.038650	0.090861
0.038660	0.090863
0.038670	0.090865
0.038680	0.090867
0.038690	0.090870
0.038700	0.090872
0.038710	0.090874
0.038720	0.090876
0.038730	0.090878
0.038740	0.090881
0.038750	0.090883
0.038760	0.090885
0.038770	0.090887
0.038780	0.090889
0.038790	0.090891
0.038800	0.090893
0.038810	0.090895
0.038820	0.090898
0.038830	0.090900
0.038840	0.090902
0.038850	0.090904
0.038860	0.090906
0.038870	0.090908
0.038880	0.090910
0.038890	0.090912
0.038900	0.090914
0.038910	0.090916
0.038920	0.090918
0.038930	0.090920
0.038940	0.090922
0.038950	0.090924
0.038960	0.090926
0.038970	0.090928
0.038980	0.090930
0.038990	0.090932
0.039000	0.090934
0.039010	0.090936
0.039020	0.090938
0.039030	0.090940
0.039040	0.090942
0.039050	0.090944
0.039060	0.090946
0.039070	0.090948
0.039080	0.090950
0.039090	0.090952
0.039100	0.090954
0.039110	0.090956
0.039120	0.090958
0.039130	0.090959
0.039140	0.090961
0.039150	0.090963
0.039160	0.090965
0.039170	0.090967
0.039180	0.090969
0.039190	0.090971
0.039200	0.090972
0.039210	0.090974
0.039220	0.090976
0.039230	0.090978
0.039240	0.090980
0.039250	0.090982
0.039260	0.090983
0.039270	0.090985
0.039280	0.090987
0.039290	0.090989
0.039300	0.090990
0.039310	0.090992
0.039320	0.090994
0.039330	0.090996
0.039340	0.090997
0.039350	0.090999
0.039360	0.091001
0.039370	0.091003
0.039380	0.091004
0.039390	0.091006
0.039400	0.091008
0.039410	0.091009
0.039420	0.091011
0.039430	0.091013
0.039440	0.091014
0.039450	0.091016
0.039460	0.091018
0.039470	0.091019
0.039480	0.091021
0.039490	0.091023
0.039500	0.091024
0.039510	0.091026
0.039520	0.091028
0.039530	0.091029
0.039540	0.091031
0.039550	0.091032
0.039560	0.091034
0.039570	0.091035
0.039580	0.091037
0.039590	0.091039
0.039600	0.091040
0.039610	0.091042
0.039620	0.091043
0.039630	0.091045
0.039640	0.091046
0.039650	0.091048
0.039660	0.091049
0.039670	0.091051
0.039680	0.091052
0.039690	0.091054
0.039700	0.091055
0.039710	0.091057
0.039720	0.091058
0.039730	0.091060
0.039740	0.091061
0.039750	0.091063
0.039760	0.091064
0.039770	0.091065
0.039780	0.091067
0.039790	0.091068
0.039800	0.091070
0.039810	0.091071
0.039820	0.091072
0.039830	0.091074
0.039840	0.091075
0.039850	0.091077
0.039860	0.091078
0.039870	0.091079
0.039880	0.091081
0.039890	0.091082
0.039900	0.091083
0.039910	0.091085
0.039920	0.091086
0.039930	0.091087
0.039940	0.091088
0.039950	0.091090
0.039960	0.091091
0.039970	0.091092
0.039980	0.091094
0.039990	0.091095
0.040000	0.091096
0.040010	0.091097
0.040020	0.091099
0.040030	0.091100
0.040040	0.091101
0.040050	0.091102
0.040060	0.091103
0.040070	0.091105
0.040080	0.091106
0.040090	0.091107
0.040100	0.091108
0.040110	0.091109
0.040120	0.091111
0.040130	0.091112
0.040140	0.091113
0.040150	0.091114
0.040160	0.091115
0.040170	0.091116
0.040180	0.091117
0.040190	0.091118
0.040200	0.091119
0.040210	0.091121
0.040220	0.091122
0.040230	0.091123
0.040240	0.091124
0.040250	0.091125
0.040260	0.091126
0.040270	0.091127
0.040280	0.091128
0.040290	0.091129
0.040300	0.091130
0.040310	0.091131
0.040320	0.091132
0.040330	0.091133
0.040340	0.091134
0.040350	0.091135
0.040360	0.091136
0.040370	0.091137
0.040380	0.091138
0.040390	0.091139
0.040400	0.091140
0.040410	0.091141
0.040420	0.091142
0.040430	0.091143
0.040440	0.091143
0.040450	0.091144
0.040460	0.091145
0.040470	0.091146
0.040480	0.091147
0.040490	0.091148
0.040500	0.091149
0.040510	0.091150
0.040520	0.091150
0.040530	0.091151
0.040540	0.091152
0.040550	0.091153
0.040560	0.091154
0.040570	0.091155
0.040580	0.091155
0.040590	0.091156
0.040600	0.091157
0.040610	0.091158
0.040620	0.091158
0.040630	0.091159
0.040640	0.091160
0.040650	0.091161
0.040660	0.091161
0.040670	0.091162
0.040680	0.091163
0.040690	0.091164
0.040700	0.091164
0.040710	0.091165
0.040720	0.091166
0.040730	0.091166
0.040740	0.091167
0.040750	0.091168
0.040760	0.091168
0.040770	0.091169
0.040780	0.091170
0.040790	0.091170
0.040800	0.091171
0.040810	0.091171
0.040820	0.091172
0.040830	0.091173
0.040840	0.091173
0.040850	0.091174
0.040860	0.091174
0.040870	0.091175
0.040880	0.091176
0.040890	0.091176
0.040900	0.091177
0.040910	0.091177
0.040920	0.091178
0.040930	0.091178
0.040940	0.091179
0.040950	0.091179
0.040960	0.091180
0.040970	0.091180
0.040980	0.091181
0.040990	0.091181
0.041000	0.091182
0.041010	0.091182
0.041020	0.091182
0.041030	0.091183
0.041040	0.091183
0.041050	0.091184
0.041060	0.091184
0.041070	0.091185
0.041080	0.091185
0.041090	0.091185
0.041100	0.091186
0.041110	0.091186
0.041120	0.091186
0.041130	0.091187
0.041140	0.091187
0.041150	0.091187
0.041160	0.091188
0.041170	0.091188
0.041180	0.091188
0.041190	0.091189
0.041200	0.091189
0.041210	0.091189
0.041220	0.091190
0.041230	0.091190
0.041240	0.091190
0.041250	0.091190
0.041260	0.091191
0.041270	0.091191
0.041280	0.091191
0.041290	0.091191
0.041300	0.091191
0.041310	0.091192
0.041320	0.091192
0.041330	0.091192
0.041340	0.091192
0.041350	0.091192
0.041360	0.091193
0.041370	0.091193
0.041380	0.091193
0.041390	0.091193
0.041400	0.091193
0.041410	0.091193
0.041420	0.091193
0.041430	0.091193
0.041440	0.091194
0.041450	0.091194
0.041460	0.091194
0.041470	0.091194
0.041480	0.091194
0.041490	0.091194
0.041500	0.091194
0.041510	0.091194
0.041520	0.091194
0.041530	0.091194
0.041540	0.091194
0.041550	0.091194
0.041560	0.091194
0.041570	0.091194
0.041580	0.091194
0.041590	0.091194
0.041600	0.091194
0.041610	0.091194
0.041620	0.091194
0.041630	0.091194
0.041640	0.091194
0.041650	0.091194
0.041660	0.091194
0.041670	0.091193
0.041680	0.091193
0.041690	0.091193
0.041700	0.091193
0.041710	0.091193
0.041720	0.091193
0.041730	0.091193
0.041740	0.091193
0.041750	0.091192
0.041760	0.091192
0.041770	0.091192
0.041780	0.091192
0.041790	0.091192
0.041800	0.091192
0.041810	0.091191
0.041820	0.091191
0.041830	0.091191
0.041840	0.091191
0.041850	0.091190
0.041860	0.091190
0.041870	0.091190
0.041880	0.091190
0.041890	0.091189
0.041900	0.091189
0.041910	0.091189
0.041920	0.091189
0.041930	0.091188
0.041940	0.091188
0.041950	0.091188
0.041960	0.091187
0.041970	0.091187
0.041980	0.091187
0.041990	0.091186
0.042000	0.091186
0.042010	0.091186
0.042020	0.091185
0.042030	0.091185
0.042040	0.091184
0.042050	0.091184
0.042060	0.091184
0.042070	0.091183
0.042080	0.091183
0.042090	0.091182
0.042100	0.091182
0.042110	0.091181
0.042120	0.091181
0.042130	0.091181
0.042140	0.091180
0.042150	0.091180
0.042160	0.091179
0.042170	0.091179
0.042180	0.091178
0.042190	0.091178
0.042200	0.091177
0.042210	0.091177
0.042220	0.091176
0.042230	0.091176
0.042240	0.091175
0.042250	0.091174
0.042260	0.091174
0.042270	0.091173
0.042280	0.091173
0.042290	0.091172
0.042300	0.091172
0.042310	0.091171
0.042320	0.091170
0.042330	0.091170
0.042340	0.091169
0.042350	0.091168
0.042360	0.091168
0.042370	0.091167
0.042380	0.091167
0.042390	0.091166
0.042400	0.091165
0.042410	0.091165
0.042420	0.091164
0.042430	0.091163
0.042440	0.091162
0.042450	0.091162
0.042460	0.091161
0.042470	0.091160
0.042480	0.091160
0.042490	0.091159
0.042500	0.091158
0.042510	0.091157
0.042520	0.091157
0.042530	0.091156
0.042540	0.091155
0.042550	0.091154
0.042560	0.091153
0.042570	0.091153
0.042580	0.091152
0.042590	0.091151
0.042600	0.091150
0.042610	0.091149
0.042620	0.091149
0.042630	0.091148
0.042640	0.091147
0.042650	0.091146
0.042660	0.091145
0.042670	0.091144
0.042680	0.091143
0.042690	0.091143
0.042700	0.091142
0.042710	0.091141
0.042720	0.091140
0.042730	0.091139
0.042740	0.091138
0.042750	0.091137
0.042760	0.091136
0.042770	0.091135
0.042780	0.091134
0.042790	0.091133
0.042800	0.091132
0.042810	0.091131
0.042820	0.091130
0.042830	0.091129
0.042840	0.091128
0.042850	0.091128
0.042860	0.091127
0.042870	0.091125
0.042880	0.091124
0.042890	0.091123
0.042900	0.091122
0.042910	0.091121
0.042920	0.091120
0.042930	0.091119
0.042940	0.091118
0.042950	0.091117
0.042960	0.091116
0.042970	0.091115
0.042980	0.091114
0.042990	0.091113
0.043000	0.091112
0.043010	0.091111
0.043020	0.091110
0.043030	0.091108
0.043040	0.091107
0.043050	0.091106
0.043060	0.091105
0.043070	0.091104
0.043080	0.091103
0.043090	0.091102
0.043100	0.091100
0.043110	0.091099
0.043120	0.091098
0.043130	0.091097
0.043140	0.091096
0.043150	0.091094
0.043160	0.091093
0.043170	0.091092
0.043180	0.091091
0.043190	0.091090
0.043200	0.091088
0.043210	0.091087
0.043220	0.091086
0.043230	0.091085
0.043240	0.091083
0.043250	0.091082
0.043260	0.091081
0.043270	0.091080
0.043280	0.091078
0.043290	0.091077
0.043300	0.091076
0.043310	0.091075
0.043320	0.091073
0.043330	0.091072
0.043340	0.091071
0.043350	0.091069
0.043360	0.091068
0.043370	0.091067
0.043380	0.091065
0.043390	0.091064
0.043400	0.091063
0.043410	0.091061
0.043420	0.091060
0.043430	0.091058
0.043440	0.091057
0.043450	0.091056
0.043460	0.091054
0.043470	0.091053
0.043480	0.091052
0.043490	0.091050
0.043500	0.091049
0.043510	0.091047
0.043520	0.091046
0.043530	0.091045
0.043540	0.091043
0.043550	0.091042
0.043560	0.091040
0.043570	0.091039
0.043580	0.091037
0.043590	0.091036
0.043600	0.091034
0.043610	0.091033
0.043620	0.091031
0.043630	0.091030
0.043640	0.091028
0.043650	0.091027
0.043660	0.091025
0.043670	0.091024
0.043680	0.091022
0.043690	0.091021
0.043700	0.091019
0.043710	0.091018
0.043720	0.091016
0.043730	0.091015
0.043740	0.091013
0.043750	0.091012
0.043760	0.091010
0.043770	0.091009
0.043780	0.091007
0.043790	0.091006
0.043800	0.091004
0.043810	0.091002
0.043820	0.091001
0.043830	0.090999
0.043840	0.090998
0.043850	0.090996
0.043860	0.090994
0.043870	0.090993
0.043880	0.090991
0.043890	0.090990
0.043900	0.090988
0.043910	0.090986
0.043920	0.090985
0.043930	0.090983
0.043940	0.090982
0.043950	0.090980
0.043960	0.090978
0.043970	0.090977
0.043980	0.090975
0.043990	0.090973
0.044000	0.090972
0.044010	0.090970
0.044020	0.090968
0.044030	0.090967
0.044040	0.090965
0.044050	0.090963
0.044060	0.090962
0.044070	0.090960
0.044080	0.090958
0.044090	0.090956
0.044100	0.090955
0.044110	0.090953
0.044120	0.090951
0.044130	0.090950
0.044140	0.090948
0.044150	0.090946
0.044160	0.090944
0.044170	0.090943
0.044180	0.090941
0.044190	0.090939
0.044200	0.090937
0.044210	0.090936
0.044220	0.090934
0.044230	0.090932
0.044240	0.090930
0.044250	0.090929
0.044260	0.090927
0.044270	0.090925
0.044280	0.090923
0.044290	0.090922
0.044300	0.090920
0.044310	0.090918
0.044320	0.090916
0.044330	0.090914
0.044340	0.090913
0.044350	0.090911
0.044360	0.090909
0.044370	0.090907
0.044380	0.090905
0.044390	0.090904
0.044400	0.090902
0.044410	0.090900
0.044420	0.090898
0.044430	0.090896
0.044440	0.090894
0.044450	0.090893
0.044460	0.090891
0.044470	0.090889
0.044480	0.090887
0.044490	0.090885
0.044500	0.090883
0.044510	0.090881
0.044520	0.090880
0.044530	0.090878
0.044540	0.090876
0.044550	0.090874
0.044560	0.090872
0.044570	0.090870
0.044580	0.090868
0.044590	0.090867
0.044600	0.090865
0.044610	0.090863
0.044620	0.090861
0.044630	0.090859
0.044640	0.090857
0.044650	0.090855
0.044660	0.090853
0.044670	0.090851
0.044680	0.090849
0.044690	0.090848
0.044700	0.090846
0.044710	0.090844
0.044720	0.090842
0.044730	0.090840
0.044740	0.090838
0.044750	0.090836
0.044760	0.090834
0.044770	0.090832
0.044780	0.090830
0.044790	0.090828
0.044800	0.090826
0.044810	0.090824
0.044820	0.090822
0.044830	0.090820
0.044840	0.090819
0.044850	0.090817
0.044860	0.090815
0.044870	0.090813
0.044880	0.090811
0.044890	0.090809
0.044900	0.090807
0.044910	0.090805
0.044920	0.090803
0.044930	0.090801
0.044940	0.090799
0.044950	0.090797
0.044960	0.090795
0.044970	0.090793
0.044980	0.090791
0.044990	0.090789
0.045000	0.090787
0.045010	0.090785
0.045020	0.090783
0.045030	0.090781
0.045040	0.090779
0.045050	0.090777
0.045060	0.090775
0.045070	0.090773
0.045080	0.090771
0.045090	0.090769
0.045100	0.090767
0.045110	0.090765
0.045120	0.090763
0.045130	0.090761
0.045140	0.090759
0.045150	0.090757
0.045160	0.090755
0.045170	0.090753
0.045180	0.090751
0.045190	0.090749
0.045200	0.090747
0.045210	0.090745
0.045220	0.090743
0.045230	0.090741
0.045240	0.090739
0.045250	0.090737
0.045260	0.090735
0.045270	0.090733
0.045280	0.090731
0.045290	0.090729
0.045300	0.090727
0.045310	0.090725
0.045320	0.090723
0.045330	0.090721
0.045340	0.090719
0.045350	0.090717
0.045360	0.090715
0.045370	0.090713
0.045380	0.090711
0.045390	0.090709
0.045400	0.090706
0.045410	0.090704
0.045420	0.090702
0.045430	0.090700
0.045440	0.090698
0.045450	0.090696
0.045460	0.090694
0.045470	0.090692
0.045480	0.090690
0.045490	0.090688
0.045500	0.090686
0.045510	0.090684
0.045520	0.090682
0.045530	0.090680
0.045540	0.090678
0.045550	0.090676
0.045560	0.090674
0.045570	0.090672
0.045580	0.090670
0.045590	0.090668
0.045600	0.090666
0.045610	0.090664
0.045620	0.090661
0.045630	0.090659
0.045640	0.090657
0.045650	0.090655
0.045660	0.090653
0.045670	0.090651
0.045680	0.090649
0.045690	0.090647
0.045700	0.090645
0.045710	0.090643
0.045720	0.090641
0.045730	0.090639
0.045740	0.090637
0.045750	0.090635
0.045760	0.090633
0.045770	0.090631
0.045780	0.090629
0.045790	0.090627
0.045800	0.090625
0.045810	0.090622
0.045820	0.090620
0.045830	0.090618
0.045840	0.090616
0.045850	0.090614
0.045860	0.090612
0.045870	0.090610
0.045880	0.090608
0.045890	0.090606
0.045900	0.090604
0.045910	0.090602
0.045920	0.090600
0.045930	0.090598
0.045940	0.090596
0.045950	0.090594
0.045960	0.090592
0.045970	0.090590
0.045980	0.090588
0.045990	0.090586
0.046000	0.090584
0.046010	0.090581
0.046020	0.090579
0.046030	0.090577
0.046040	0.090575
0.046050	0.090573
0.046060	0.090571
0.046070	0.090569
0.046080	0.090567
0.046090	0.090565
0.046100	0.090563
0.046110	0.090561
0.046120	0.090559
0.046130	0.090557
0.046140	0.090555
0.046150	0.090553
0.046160	0.090551
0.046170	0.090549
0.046180	0.090547
0.046190	0.090545
0.046200	0.090543
0.046210	0.090541
0.046220	0.090539
0.046230	0.090537
0.046240	0.090535
0.046250	0.090533
0.046260	0.090531
0.046270	0.090529
0.046280	0.090527
0.046290	0.090525
0.046300	0.090522
0.046310	0.090520
0.046320	0.090518
0.046330	0.090516
0.046340	0.090514
0.046350	0.090512
0.046360	0.090510
0.046370	0.090508
0.046380	0.090506
0.046390	0.090504
0.046400	0.090502
0.046410	0.090500
0.046420	0.090498
0.046430	0.090496
0.046440	0.090494
0.046450	0.090492
0.046460	0.090490
0.046470	0.090488
0.046480	0.090486
0.046490	0.090484
0.046500	0.090482
0.046510	0.090480
0.046520	0.090478
0.046530	0.090476
0.046540	0.090474
0.046550	0.090472
0.046560	0.090470
0.046570	0.090468
0.046580	0.090466
0.046590	0.090464
0.046600	0.090462
0.046610	0.090461
0.046620	0.090459
0.046630	0.090457
0.046640	0.090455
0.046650	0.090453
0.046660	0.090451
0.046670	0.090449
0.046680	0.090447
0.046690	0.090445
0.046700	0.090443
0.046710	0.090441
0.046720	0.090439
0.046730	0.090437
0.046740	0.090435
0.046750	0.090433
0.046760	0.090431
0.046770	0.090429
0.046780	0.090427
0.046790	0.090425
0.046800	0.090423
0.046810	0.090421
0.046820	0.090419
0.046830	0.090418
0.046840	0.090416
0.046850	0.090414
0.046860	0.090412
0.046870	0.090410
0.046880	0.090408
0.046890	0.090406
0.046900	0.090404
0.046910	0.090402
0.046920	0.090400
0.046930	0.090398
0.046940	0.090396
0.046950	0.090394
0.046960	0.090393
0.046970	0.090391
0.046980	0.090389
0.046990	0.090387
0.047000	0.090385
0.047010	0.090383
0.047020	0.090381
0.047030	0.090379
0.047040	0.090377
0.047050	0.090376
0.047060	0.090374
0.047070	0.090372
0.047080	0.090370
0.047090	0.090368
0.047100	0.090366
0.047110	0.090364
0.047120	0.090362
0.047130	0.090361
0.047140	0.090359
0.047150	0.090357
0.047160	0.090355
0.047170	0.090353
0.047180	0.090351
0.047190	0.090349
0.047200	0.090348
0.047210	0.090346
0.047220	0.090344
0.047230	0.090342
0.047240	0.090340
0.047250	0.090338
0.047260	0.090336
0.047270	0.090335
0.047280	0.090333
0.047290	0.090331
0.047300	0.090329
0.047310	0.090327
0.047320	0.090326
0.047330	0.090324
0.047340	0.090322
0.047350	0.090320
0.047360	0.090318
0.047370	0.090316
0.047380	0.090315
0.047390	0.090313
0.047400	0.090311
0.047410	0.090309
0.047420	0.090308
0.047430	0.090306
0.047440	0.090304
0.047450	0.090302
0.047460	0.090300
0.047470	0.090299
0.047480	0.090297
0.047490	0.090295
0.047500	0.090293
0.047510	0.090292
0.047520	0.090290
0.047530	0.090288
0.047540	0.090286
0.047550	0.090285
0.047560	0.090283
0.047570	0.090281
0.047580	0.090279
0.047590	0.090278
0.047600	0.090276
0.047610	0.090274
0.047620	0.090272
0.047630	0.090271
0.047640	0.090269
0.047650	0.090267
0.047660	0.090265
0.047670	0.090264
0.047680	0.090262
0.047690	0.090260
0.047700	0.090259
0.047710	0.090257
0.047720	0.090255
0.047730	0.090253
0.047740	0.090252
0.047750	0.090250
0.047760	0.090248
0.047770	0.090247
0.047780	0.090245
0.047790	0.090243
0.047800	0.090242
0.047810	0.090240
0.047820	0.090238
0.047830	0.090237
0.047840	0.090235
0.047850	0.090233
0.047860	0.090232
0.047870	0.090230
0.047880	0.090228
0.047890	0.090227
0.047900	0.090225
0.047910	0.090223
0.047920	0.090222
0.047930	0.090220
0.047940	0.090219
0.047950	0.090217
0.047960	0.090215
0.047970	0.090214
0.047980	0.090212
0.047990	0.090210
0.048000	0.090209
0.048010	0.090207
0.048020	0.090206
0.048030	0.090204
0.048040	0.090202
0.048050	0.090201
0.048060	0.090199
0.048070	0.090198
0.048080	0.090196
0.048090	0.090194
0.048100	0.090193
0.048110	0.090191
0.048120	0.090190
0.048130	0.090188
0.048140	0.090187
0.048150	0.090185
0.048160	0.090183
0.048170	0.090182
0.048180	0.090180
0.048190	0.090179
0.048200	0.090177
0.048210	0.090176
0.048220	0.090174
0.048230	0.090173
0.048240	0.090171
0.048250	0.090169
0.048260	0.090168
0.048270	0.090166
0.048280	0.090165
0.048290	0.090163
0.048300	0.090162
0.048310	0.090160
0.048320	0.090159
0.048330	0.090157
0.048340	0.090156
0.048350	0.090154
0.048360	0.090153
0.048370	0.090151
0.048380	0.090150
0.048390	0.090148
0.048400	0.090147
0.048410	0.090145
0.048420	0.090144
0.048430	0.090142
0.048440	0.090141
0.048450	0.090139
0.048460	0.090138
0.048470	0.090137
0.048480	0.090135
0.048490	0.090134
0.048500	0.090132
0.048510	0.090131
0.048520	0.090129
0.048530	0.090128
0.048540	0.090126
0.048550	0.090125
0.048560	0.090124
0.048570	0.090122
0.048580	0.090121
0.048590	0.090119
0.048600	0.090118
0.048610	0.090116
0.048620	0.090115
0.048630	0.090114
0.048640	0.090112
0.048650	0.090111
0.048660	0.090109
0.048670	0.090108
0.048680	0.090107
0.048690	0.090105
0.048700	0.090104
0.048710	0.090103
0.048720	0.090101
0.048730	0.090100
0.048740	0.090098
0.048750	0.090097
0.048760	0.090096
0.048770	0.090094
0.048780	0.090093
0.048790	0.090092
0.048800	0.090090
0.048810	0.090089
0.048820	0.090088
0.048830	0.090086
0.048840	0.090085
0.048850	0.090084
0.048860	0.090082
0.048870	0.090081
0.048880	0.090080
0.048890	0.090078
0.048900	0.090077
0.048910	0.090076
0.048920	0.090074
0.048930	0.090073
0.048940	0.090072
0.048950	0.090070
0.048960	0.090069
0.048970	0.090068
0.048980	0.090066
0.048990	0.090065
0.049000	0.090064
0.049010	0.090063
0.049020	0.090061
0.049030	0.090060
0.049040	0.090059
0.049050	0.090058
0.049060	0.090056
0.049070	0.090055
0.049080	0.090054
0.049090	0.090052
0.049100	0.090051
0.049110	0.090050
0.049120	0.090049
0.049130	0.090047
0.049140	0.090046
0.049150	0.090045
0.049160	0.090044
0.049170	0.090043
0.049180	0.090041
0.049190	0.090040
0.049200	0.090039
0.049210	0.090038
0.049220	0.090036
0.049230	0.090035
0.049240	0.090034
0.049250	0.090033
0.049260	0.090032
0.049270	0.090030
0.049280	0.090029
0.049290	0.090028
0.049300	0.090027
0.049310	0.090026
0.049320	0.090024
0.049330	0.090023
0.049340	0.090022
0.049350	0.090021
0.049360	0.090020
0.049370	0.090019
0.049380	0.090017
0.049390	0.090016
0.049400	0.090015
0.049410	0.090014
0.049420	0.090013
0.049430	0.090012
0.049440	0.090011
0.049450	0.090009
0.049460	0.090008
0.049470	0.090007
0.049480	0.090006
0.049490	0.090005
0.049500	0.090004
0.049510	0.090003
0.049520	0.090002
0.049530	0.090000
0.049540	0.089999
0.049550	0.089998
0.049560	0.089997
0.049570	0.089996
0.049580	0.089995
0.049590	0.089994
0.049600	0.089993
0.049610	0.089992
0.049620	0.089990
0.049630	0.089989
0.049640	0.089988
0.049650	0.089987
0.049660	0.089986
0.049670	0.089985
0.049680	0.089984
0.049690	0.089983
0.049700	0.089982
0.049710	0.089981
0.049720	0.089980
0.049730	0.089979
0.049740	0.089978
0.049750	0.089977
0.049760	0.089976
0.049770	0.089975
0.049780	0.089973
0.049790	0.089972
0.049800	0.089971
0.049810	0.089970
0.049820	0.089969
0.049830	0.089968
0.049840	0.089967
0.049850	0.089966
0.049860	0.089965
0.049870	0.089964
0.049880	0.089963
0.049890	0.089962
0.049900	0.089961
0.049910	0.089960
0.049920	0.089959
0.049930	0.089958
0.049940	0.089957
0.049950	0.089956
0.049960	0.089955
0.049970	0.089954
0.049980	0.089953
0.049990	0.089952
0.050000	0.089951
