0.000000	0.000000
0.000010	2.999194
0.000020	2.999194
0.000030	2.999194
0.000040	2.999194
0.000050	2.999194
0.000060	2.999194
0.000070	2.999194
0.000080	2.999194
0.000090	2.999194
0.000100	2.999194
0.000110	2.999194
0.000120	2.999194
0.000130	2.999194
0.000140	2.999194
0.000150	2.999194
0.000160	2.999194
0.000170	2.999194
0.000180	2.999194
0.000190	2.999194
0.000200	2.999194
0.000210	2.999194
0.000220	2.999194
0.000230	2.999194
0.000240	2.999194
0.000250	2.999194
0.000260	2.999194
0.000270	2.999194
0.000280	2.999194
0.000290	2.999194
0.000300	2.999194
0.000310	2.999194
0.000320	2.999194
0.000330	2.999194
0.000340	2.999194
0.000350	2.999194
0.000360	2.999194
0.000370	2.999194
0.000380	2.999194
0.000390	2.999194
0.000400	2.999194
0.000410	2.999194
0.000420	2.999194
0.000430	2.999194
0.000440	2.999194
0.000450	2.999194
0.000460	2.999194
0.000470	2.999194
0.000480	2.999194
0.000490	2.999194
0.000500	2.999194
0.000510	2.999194
0.000520	2.999194
0.000530	2.999194
0.000540	2.999194
0.000550	2.999194
0.000560	2.999194
0.000570	2.999194
0.000580	2.999194
0.000590	2.999194
0.000600	2.999194
0.000610	2.999194
0.000620	2.999194
0.000630	2.999194
0.000640	2.999194
0.000650	2.999194
0.000660	2.999194
0.000670	2.999194
0.000680	2.999194
0.000690	2.999194
0.000700	2.999194
0.000710	2.999194
0.000720	2.999194
0.000730	2.999194
0.000740	2.999194
0.000750	2.999194
0.000760	2.999194
0.000770	2.999194
0.000780	2.999194
0.000790	2.999194
0.000800	2.999194
0.000810	2.999194
0.000820	2.999194
0.000830	2.999194
0.000840	2.999194
0.000850	2.999194
0.000860	2.999194
0.000870	2.999194
0.000880	2.999194
0.000890	2.999194
0.000900	2.999194
0.000910	2.999194
0.000920	2.999194
0.000930	2.999194
0.000940	2.999194
0.000950	2.999194
0.000960	2.999194
0.000970	2.999194
0.000980	2.999194
0.000990	2.999194
0.001000	2.999194
0.001010	2.999194
0.001020	2.999194
0.001030	2.999194
0.001040	2.999194
0.001050	2.999194
0.001060	2.999194
0.001070	2.999194
0.001080	2.999194
0.001090	2.999194
0.001100	2.999194
0.001110	2.999194
0.001120	2.999194
0.001130	2.999194
0.001140	2.999194
0.001150	2.999194
0.001160	2.999194
0.001170	2.999194
0.001180	2.999194
0.001190	2.999194
0.001200	2.999194
0.001210	2.999194
0.001220	2.999194
0.001230	2.999194
0.001240	2.999194
0.001250	2.999194
0.001260	2.999194
0.001270	2.999194
0.001280	2.999194
0.001290	2.999194
0.001300	2.999194
0.001310	2.999194
0.001320	2.999194
0.001330	2.999194
0.001340	2.999194
0.001350	2.999194
0.001360	2.999194
0.001370	2.999194
0.001380	2.999194
0.001390	2.999194
0.001400	2.999194
0.001410	2.999194
0.001420	2.999194
0.001430	2.999194
0.001440	2.999194
0.001450	2.999194
0.001460	2.999194
0.001470	2.999194
0.001480	2.999194
0.001490	2.999194
0.001500	2.999194
0.001510	2.999194
0.001520	2.999194
0.001530	2.999194
0.001540	2.999194
0.001550	2.999194
0.001560	2.999194
0.001570	2.999194
0.001580	2.999194
0.001590	2.999194
0.001600	2.999194
0.001610	2.999194
0.001620	2.999194
0.001630	2.999194
0.001640	2.999194
0.001650	2.999194
0.001660	2.999194
0.001670	2.999194
0.001680	2.999194
0.001690	2.999194
0.001700	2.999194
0.001710	2.999194
0.001720	2.999194
0.001730	2.999194
0.001740	2.999194
0.001750	2.999194
0.001760	2.999194
0.001770	2.999194
0.001780	2.999194
0.001790	2.999194
0.001800	2.999194
0.001810	2.999194
0.001820	2.999194
0.001830	2.999194
0.001840	2.999194
0.001850	2.999194
0.001860	2.999194
0.001870	2.999194
0.001880	2.999194
0.001890	2.999194
0.001900	2.999194
0.001910	2.999194
0.001920	2.999194
0.001930	2.999194
0.001940	2.999194
0.001950	2.999194
0.001960	2.999194
0.001970	2.999194
0.001980	2.999194
0.001990	2.999194
0.002000	2.999194
0.002010	2.999194
0.002020	2.999194
0.002030	2.999194
0.002040	2.999194
0.002050	2.999194
0.002060	2.999194
0.002070	2.999194
0.002080	2.999194
0.002090	2.999194
0.002100	2.999194
0.002110	2.999194
0.002120	2.999194
0.002130	2.999194
0.002140	2.999194
0.002150	2.999194
0.002160	2.999194
0.002170	2.999194
0.002180	2.999194
0.002190	2.999194
0.002200	2.999194
0.002210	2.999194
0.002220	2.999194
0.002230	2.999194
0.002240	2.999194
0.002250	2.999194
0.002260	2.999194
0.002270	2.999194
0.002280	2.999194
0.002290	2.999194
0.002300	2.999194
0.002310	2.999194
0.002320	2.999194
0.002330	2.999194
0.002340	2.999194
0.002350	2.999194
0.002360	2.999194
0.002370	2.999194
0.002380	2.999194
0.002390	2.999194
0.002400	2.999194
0.002410	2.999194
0.002420	2.999194
0.002430	2.999194
0.002440	2.999194
0.002450	2.999194
0.002460	2.999194
0.002470	2.999194
0.002480	2.999194
0.002490	2.999194
0.002500	2.999194
0.002510	2.999194
0.002520	2.999194
0.002530	2.999194
0.002540	2.999194
0.002550	2.999194
0.002560	2.999194
0.002570	2.999194
0.002580	2.999194
0.002590	2.999194
0.002600	2.999194
0.002610	2.999194
0.002620	2.999194
0.002630	2.999194
0.002640	2.999194
0.002650	2.999194
0.002660	2.999194
0.002670	2.999194
0.002680	2.999194
0.002690	2.999194
0.002700	2.999194
0.002710	2.999194
0.002720	2.999194
0.002730	2.999194
0.002740	2.999194
0.002750	2.999194
0.002760	2.999194
0.002770	2.999194
0.002780	2.999194
0.002790	2.999194
0.002800	2.999194
0.002810	2.999194
0.002820	2.999194
0.002830	2.999194
0.002840	2.999194
0.002850	2.999194
0.002860	2.999194
0.002870	2.999194
0.002880	2.999194
0.002890	2.999194
0.002900	2.999194
0.002910	2.999194
0.002920	2.999194
0.002930	2.999194
0.002940	2.999194
0.002950	2.999194
0.002960	2.999194
0.002970	2.999194
0.002980	2.999194
0.002990	2.999194
0.003000	2.999194
0.003010	2.999194
0.003020	2.999194
0.003030	2.999194
0.003040	2.999194
0.003050	2.999194
0.003060	2.999194
0.003070	2.999194
0.003080	2.999194
0.003090	2.999194
0.003100	2.999194
0.003110	2.999194
0.003120	2.999194
0.003130	2.999194
0.003140	2.999194
0.003150	2.999194
0.003160	2.999194
0.003170	2.999194
0.003180	2.999194
0.003190	2.999194
0.003200	2.999194
0.003210	2.999194
0.003220	2.999194
0.003230	2.999194
0.003240	2.999194
0.003250	2.999194
0.003260	2.999194
0.003270	2.999194
0.003280	2.999194
0.003290	2.999194
0.003300	2.999194
0.003310	2.999194
0.003320	2.999194
0.003330	2.999194
0.003340	2.999194
0.003350	2.999194
0.003360	2.999194
0.003370	2.999194
0.003380	2.999194
0.003390	2.999194
0.003400	2.999194
0.003410	2.999194
0.003420	2.999194
0.003430	2.999194
0.003440	2.999194
0.003450	2.999194
0.003460	2.999194
0.003470	2.999194
0.003480	2.999194
0.003490	2.999194
0.003500	2.999194
0.003510	2.999194
0.003520	2.999194
0.003530	2.999194
0.003540	2.999194
0.003550	2.999194
0.003560	2.999194
0.003570	2.999194
0.003580	2.999194
0.003590	2.999194
0.003600	2.999194
0.003610	2.999194
0.003620	2.999194
0.003630	2.999194
0.003640	2.999194
0.003650	2.999194
0.003660	2.999194
0.003670	2.999194
0.003680	2.999194
0.003690	2.999194
0.003700	2.999194
0.003710	2.999194
0.003720	2.999194
0.003730	2.999194
0.003740	2.999194
0.003750	2.999194
0.003760	2.999194
0.003770	2.999194
0.003780	2.999194
0.003790	2.999194
0.003800	2.999194
0.003810	2.999194
0.003820	2.999194
0.003830	2.999194
0.003840	2.999194
0.003850	2.999194
0.003860	2.999194
0.003870	2.999194
0.003880	2.999194
0.003890	2.999194
0.003900	2.999194
0.003910	2.999194
0.003920	2.999194
0.003930	2.999194
0.003940	2.999194
0.003950	2.999194
0.003960	2.999194
0.003970	2.999194
0.003980	2.999194
0.003990	2.999194
0.004000	2.999194
0.004010	2.999194
0.004020	2.999194
0.004030	2.999194
0.004040	2.999194
0.004050	2.999194
0.004060	2.999194
0.004070	2.999194
0.004080	2.999194
0.004090	2.999194
0.004100	2.999194
0.004110	2.999194
0.004120	2.999194
0.004130	2.999194
0.004140	2.999194
0.004150	2.999194
0.004160	2.999194
0.004170	2.999194
0.004180	2.999194
0.004190	2.999194
0.004200	2.999194
0.004210	2.999194
0.004220	2.999194
0.004230	2.999194
0.004240	2.999194
0.004250	2.999194
0.004260	2.999194
0.004270	2.999194
0.004280	2.999194
0.004290	2.999194
0.004300	2.999194
0.004310	2.999194
0.004320	2.999194
0.004330	2.999194
0.004340	2.999194
0.004350	2.999194
0.004360	2.999194
0.004370	2.999194
0.004380	2.999194
0.004390	2.999194
0.004400	2.999194
0.004410	2.999194
0.004420	2.999194
0.004430	2.999194
0.004440	2.999194
0.004450	2.999194
0.004460	2.999194
0.004470	2.999194
0.004480	2.999194
0.004490	2.999194
0.004500	2.999194
0.004510	2.999194
0.004520	2.999194
0.004530	2.999194
0.004540	2.999194
0.004550	2.999194
0.004560	2.999194
0.004570	2.999194
0.004580	2.999194
0.004590	2.999194
0.004600	2.999194
0.004610	2.999194
0.004620	2.999194
0.004630	2.999194
0.004640	2.999194
0.004650	2.999194
0.004660	2.999194
0.004670	2.999194
0.004680	2.999194
0.004690	2.999194
0.004700	2.999194
0.004710	2.999194
0.004720	2.999194
0.004730	2.999194
0.004740	2.999194
0.004750	2.999194
0.004760	2.999194
0.004770	2.999194
0.004780	2.999194
0.004790	2.999194
0.004800	2.999194
0.004810	2.999194
0.004820	2.999194
0.004830	2.999194
0.004840	2.999194
0.004850	2.999194
0.004860	2.999194
0.004870	2.999194
0.004880	2.999194
0.004890	2.999194
0.004900	2.999194
0.004910	2.999194
0.004920	2.999194
0.004930	2.999194
0.004940	2.999194
0.004950	2.999194
0.004960	2.999194
0.004970	2.999194
0.004980	2.999194
0.004990	2.999194
0.005000	2.999194
0.005010	2.999194
0.005020	2.999194
0.005030	2.999194
0.005040	2.999194
0.005050	2.999194
0.005060	2.999194
0.005070	2.999194
0.005080	2.999194
0.005090	2.999194
0.005100	2.999194
0.005110	2.999194
0.005120	2.999194
0.005130	2.999194
0.005140	2.999194
0.005150	2.999194
0.005160	2.999194
0.005170	2.999194
0.005180	2.999194
0.005190	2.999194
0.005200	2.999194
0.005210	2.999194
0.005220	2.999194
0.005230	2.999194
0.005240	2.999194
0.005250	2.999194
0.005260	2.999194
0.005270	2.999194
0.005280	2.999194
0.005290	2.999194
0.005300	2.999194
0.005310	2.999194
0.005320	2.999194
0.005330	2.999194
0.005340	2.999194
0.005350	2.999194
0.005360	2.999194
0.005370	2.999194
0.005380	2.999194
0.005390	2.999194
0.005400	2.999194
0.005410	2.999194
0.005420	2.999194
0.005430	2.999194
0.005440	2.999194
0.005450	2.999194
0.005460	2.999194
0.005470	2.999194
0.005480	2.999194
0.005490	2.999194
0.005500	2.999194
0.005510	2.999194
0.005520	2.999194
0.005530	2.999194
0.005540	2.999194
0.005550	2.999194
0.005560	2.999194
0.005570	2.999194
0.005580	2.999194
0.005590	2.999194
0.005600	2.999194
0.005610	2.999194
0.005620	2.999194
0.005630	2.999194
0.005640	2.999194
0.005650	2.999194
0.005660	2.999194
0.005670	2.999194
0.005680	2.999194
0.005690	2.999194
0.005700	2.999194
0.005710	2.999194
0.005720	2.999194
0.005730	2.999194
0.005740	2.999194
0.005750	2.999194
0.005760	2.999194
0.005770	2.999194
0.005780	2.999194
0.005790	2.999194
0.005800	2.999194
0.005810	2.999194
0.005820	2.999194
0.005830	2.999194
0.005840	2.999194
0.005850	2.999194
0.005860	2.999194
0.005870	2.999194
0.005880	2.999194
0.005890	2.999194
0.005900	2.999194
0.005910	2.999194
0.005920	2.999194
0.005930	2.999194
0.005940	2.999194
0.005950	2.999194
0.005960	2.999194
0.005970	2.999194
0.005980	2.999194
0.005990	2.999194
0.006000	2.999194
0.006010	2.999194
0.006020	2.999194
0.006030	2.999194
0.006040	2.999194
0.006050	2.999194
0.006060	2.999194
0.006070	2.999194
0.006080	2.999194
0.006090	2.999194
0.006100	2.999194
0.006110	2.999194
0.006120	2.999194
0.006130	2.999194
0.006140	2.999194
0.006150	2.999194
0.006160	2.999194
0.006170	2.999194
0.006180	2.999194
0.006190	2.999194
0.006200	2.999194
0.006210	2.999194
0.006220	2.999194
0.006230	2.999194
0.006240	2.999194
0.006250	2.999194
0.006260	2.999194
0.006270	2.999194
0.006280	2.999194
0.006290	2.999194
0.006300	2.999194
0.006310	2.999194
0.006320	2.999194
0.006330	2.999194
0.006340	2.999194
0.006350	2.999194
0.006360	2.999194
0.006370	2.999194
0.006380	2.999194
0.006390	2.999194
0.006400	2.999194
0.006410	2.999194
0.006420	2.999194
0.006430	2.999194
0.006440	2.999194
0.006450	2.999194
0.006460	2.999194
0.006470	2.999194
0.006480	2.999194
0.006490	2.999194
0.006500	2.999194
0.006510	2.999194
0.006520	2.999194
0.006530	2.999194
0.006540	2.999194
0.006550	2.999194
0.006560	2.999194
0.006570	2.999194
0.006580	2.999194
0.006590	2.999194
0.006600	2.999194
0.006610	2.999194
0.006620	2.999194
0.006630	2.999194
0.006640	2.999194
0.006650	2.999194
0.006660	2.999194
0.006670	2.999194
0.006680	2.999194
0.006690	2.999194
0.006700	2.999194
0.006710	2.999194
0.006720	2.999194
0.006730	2.999194
0.006740	2.999194
0.006750	2.999194
0.006760	2.999194
0.006770	2.999194
0.006780	2.999194
0.006790	2.999194
0.006800	2.999194
0.006810	2.999194
0.006820	2.999194
0.006830	2.999194
0.006840	2.999194
0.006850	2.999194
0.006860	2.999194
0.006870	2.999194
0.006880	2.999194
0.006890	2.999194
0.006900	2.999194
0.006910	2.999194
0.006920	2.999194
0.006930	2.999194
0.006940	2.999194
0.006950	2.999194
0.006960	2.999194
0.006970	2.999194
0.006980	2.999194
0.006990	2.999194
0.007000	2.999194
0.007010	2.999194
0.007020	2.999194
0.007030	2.999194
0.007040	2.999194
0.007050	2.999194
0.007060	2.999194
0.007070	2.999194
0.007080	2.999194
0.007090	2.999194
0.007100	2.999194
0.007110	2.999194
0.007120	2.999194
0.007130	2.999194
0.007140	2.999194
0.007150	2.999194
0.007160	2.999194
0.007170	2.999194
0.007180	2.999194
0.007190	2.999194
0.007200	2.999194
0.007210	2.999194
0.007220	2.999194
0.007230	2.999194
0.007240	2.999194
0.007250	2.999194
0.007260	2.999194
0.007270	2.999194
0.007280	2.999194
0.007290	2.999194
0.007300	2.999194
0.007310	2.999194
0.007320	2.999194
0.007330	2.999194
0.007340	2.999194
0.007350	2.999194
0.007360	2.999194
0.007370	2.999194
0.007380	2.999194
0.007390	2.999194
0.007400	2.999194
0.007410	2.999194
0.007420	2.999194
0.007430	2.999194
0.007440	2.999194
0.007450	2.999194
0.007460	2.999194
0.007470	2.999194
0.007480	2.999194
0.007490	2.999194
0.007500	2.999194
0.007510	2.999194
0.007520	2.999194
0.007530	2.999194
0.007540	2.999194
0.007550	2.999194
0.007560	2.999194
0.007570	2.999194
0.007580	2.999194
0.007590	2.999194
0.007600	2.999194
0.007610	2.999194
0.007620	2.999194
0.007630	2.999194
0.007640	2.999194
0.007650	2.999194
0.007660	2.999194
0.007670	2.999194
0.007680	2.999194
0.007690	2.999194
0.007700	2.999194
0.007710	2.999194
0.007720	2.999194
0.007730	2.999194
0.007740	2.999194
0.007750	2.999194
0.007760	2.999194
0.007770	2.999194
0.007780	2.999194
0.007790	2.999194
0.007800	2.999194
0.007810	2.999194
0.007820	2.999194
0.007830	2.999194
0.007840	2.999194
0.007850	2.999194
0.007860	2.999194
0.007870	2.999194
0.007880	2.999194
0.007890	2.999194
0.007900	2.999194
0.007910	2.999194
0.007920	2.999194
0.007930	2.999194
0.007940	2.999194
0.007950	2.999194
0.007960	2.999194
0.007970	2.999194
0.007980	2.999194
0.007990	2.999194
0.008000	2.999194
0.008010	2.999194
0.008020	2.999194
0.008030	2.999194
0.008040	2.999194
0.008050	2.999194
0.008060	2.999194
0.008070	2.999194
0.008080	2.999194
0.008090	2.999194
0.008100	2.999194
0.008110	2.999194
0.008120	2.999194
0.008130	2.999194
0.008140	2.999194
0.008150	2.999194
0.008160	2.999194
0.008170	2.999194
0.008180	2.999194
0.008190	2.999194
0.008200	2.999194
0.008210	2.999194
0.008220	2.999194
0.008230	2.999194
0.008240	2.999194
0.008250	2.999194
0.008260	2.999194
0.008270	2.999194
0.008280	2.999194
0.008290	2.999194
0.008300	2.999194
0.008310	2.999194
0.008320	2.999194
0.008330	2.999194
0.008340	2.999194
0.008350	2.999194
0.008360	2.999194
0.008370	2.999194
0.008380	2.999194
0.008390	2.999194
0.008400	2.999194
0.008410	2.999194
0.008420	2.999194
0.008430	2.999194
0.008440	2.999194
0.008450	2.999194
0.008460	2.999194
0.008470	2.999194
0.008480	2.999194
0.008490	2.999194
0.008500	2.999194
0.008510	2.999194
0.008520	2.999194
0.008530	2.999194
0.008540	2.999194
0.008550	2.999194
0.008560	2.999194
0.008570	2.999194
0.008580	2.999194
0.008590	2.999194
0.008600	2.999194
0.008610	2.999194
0.008620	2.999194
0.008630	2.999194
0.008640	2.999194
0.008650	2.999194
0.008660	2.999194
0.008670	2.999194
0.008680	2.999194
0.008690	2.999194
0.008700	2.999194
0.008710	2.999194
0.008720	2.999194
0.008730	2.999194
0.008740	2.999194
0.008750	2.999194
0.008760	2.999194
0.008770	2.999194
0.008780	2.999194
0.008790	2.999194
0.008800	2.999194
0.008810	2.999194
0.008820	2.999194
0.008830	2.999194
0.008840	2.999194
0.008850	2.999194
0.008860	2.999194
0.008870	2.999194
0.008880	2.999194
0.008890	2.999194
0.008900	2.999194
0.008910	2.999194
0.008920	2.999194
0.008930	2.999194
0.008940	2.999194
0.008950	2.999194
0.008960	2.999194
0.008970	2.999194
0.008980	2.999194
0.008990	2.999194
0.009000	2.999194
0.009010	2.999194
0.009020	2.999194
0.009030	2.999194
0.009040	2.999194
0.009050	2.999194
0.009060	2.999194
0.009070	2.999194
0.009080	2.999194
0.009090	2.999194
0.009100	2.999194
0.009110	2.999194
0.009120	2.999194
0.009130	2.999194
0.009140	2.999194
0.009150	2.999194
0.009160	2.999194
0.009170	2.999194
0.009180	2.999194
0.009190	2.999194
0.009200	2.999194
0.009210	2.999194
0.009220	2.999194
0.009230	2.999194
0.009240	2.999194
0.009250	2.999194
0.009260	2.999194
0.009270	2.999194
0.009280	2.999194
0.009290	2.999194
0.009300	2.999194
0.009310	2.999194
0.009320	2.999194
0.009330	2.999194
0.009340	2.999194
0.009350	2.999194
0.009360	2.999194
0.009370	2.999194
0.009380	2.999194
0.009390	2.999194
0.009400	2.999194
0.009410	2.999194
0.009420	2.999194
0.009430	2.999194
0.009440	2.999194
0.009450	2.999194
0.009460	2.999194
0.009470	2.999194
0.009480	2.999194
0.009490	2.999194
0.009500	2.999194
0.009510	2.999194
0.009520	2.999194
0.009530	2.999194
0.009540	2.999194
0.009550	2.999194
0.009560	2.999194
0.009570	2.999194
0.009580	2.999194
0.009590	2.999194
0.009600	2.999194
0.009610	2.999194
0.009620	2.999194
0.009630	2.999194
0.009640	2.999194
0.009650	2.999194
0.009660	2.999194
0.009670	2.999194
0.009680	2.999194
0.009690	2.999194
0.009700	2.999194
0.009710	2.999194
0.009720	2.999194
0.009730	2.999194
0.009740	2.999194
0.009750	2.999194
0.009760	2.999194
0.009770	2.999194
0.009780	2.999194
0.009790	2.999194
0.009800	2.999194
0.009810	2.999194
0.009820	2.999194
0.009830	2.999194
0.009840	2.999194
0.009850	2.999194
0.009860	2.999194
0.009870	2.999194
0.009880	2.999194
0.009890	2.999194
0.009900	2.999194
0.009910	2.999194
0.009920	2.999194
0.009930	2.999194
0.009940	2.999194
0.009950	2.999194
0.009960	2.999194
0.009970	2.999194
0.009980	2.999194
0.009990	2.999194
0.010000	2.999194
0.010010	2.999194
0.010020	2.999194
0.010030	2.999194
0.010040	2.999194
0.010050	2.999194
0.010060	2.999194
0.010070	2.999194
0.010080	2.999194
0.010090	2.999194
0.010100	2.999194
0.010110	2.999194
0.010120	2.999194
0.010130	2.999194
0.010140	2.999194
0.010150	2.999194
0.010160	2.999194
0.010170	2.999194
0.010180	2.999194
0.010190	2.999194
0.010200	2.999194
0.010210	2.999194
0.010220	2.999194
0.010230	2.999194
0.010240	2.999194
0.010250	2.999194
0.010260	2.999194
0.010270	2.999194
0.010280	2.999194
0.010290	2.999194
0.010300	2.999194
0.010310	2.999194
0.010320	2.999194
0.010330	2.999194
0.010340	2.999194
0.010350	2.999194
0.010360	2.999194
0.010370	2.999194
0.010380	2.999194
0.010390	2.999194
0.010400	2.999194
0.010410	2.999194
0.010420	2.999194
0.010430	2.999194
0.010440	2.999194
0.010450	2.999194
0.010460	2.999194
0.010470	2.999194
0.010480	2.999194
0.010490	2.999194
0.010500	2.999194
0.010510	2.999194
0.010520	2.999194
0.010530	2.999194
0.010540	2.999194
0.010550	2.999194
0.010560	2.999194
0.010570	2.999194
0.010580	2.999194
0.010590	2.999194
0.010600	2.999194
0.010610	2.999194
0.010620	2.999194
0.010630	2.999194
0.010640	2.999194
0.010650	2.999194
0.010660	2.999194
0.010670	2.999194
0.010680	2.999194
0.010690	2.999194
0.010700	2.999194
0.010710	2.999194
0.010720	2.999194
0.010730	2.999194
0.010740	2.999194
0.010750	2.999194
0.010760	2.999194
0.010770	2.999194
0.010780	2.999194
0.010790	2.999194
0.010800	2.999194
0.010810	2.999194
0.010820	2.999194
0.010830	2.999194
0.010840	2.999194
0.010850	2.999194
0.010860	2.999194
0.010870	2.999194
0.010880	2.999194
0.010890	2.999194
0.010900	2.999194
0.010910	2.999194
0.010920	2.999194
0.010930	2.999194
0.010940	2.999194
0.010950	2.999194
0.010960	2.999194
0.010970	2.999194
0.010980	2.999194
0.010990	2.999194
0.011000	2.999194
0.011010	2.999194
0.011020	2.999194
0.011030	2.999194
0.011040	2.999194
0.011050	2.999194
0.011060	2.999194
0.011070	2.999194
0.011080	2.999194
0.011090	2.999194
0.011100	2.999194
0.011110	2.999194
0.011120	2.999194
0.011130	2.999194
0.011140	2.999194
0.011150	2.999194
0.011160	2.999194
0.011170	2.999194
0.011180	2.999194
0.011190	2.999194
0.011200	2.999194
0.011210	2.999194
0.011220	2.999194
0.011230	2.999194
0.011240	2.999194
0.011250	2.999194
0.011260	2.999194
0.011270	2.999194
0.011280	2.999194
0.011290	2.999194
0.011300	2.999194
0.011310	2.999194
0.011320	2.999194
0.011330	2.999194
0.011340	2.999194
0.011350	2.999194
0.011360	2.999194
0.011370	2.999194
0.011380	2.999194
0.011390	2.999194
0.011400	2.999194
0.011410	2.999194
0.011420	2.999194
0.011430	2.999194
0.011440	2.999194
0.011450	2.999194
0.011460	2.999194
0.011470	2.999194
0.011480	2.999194
0.011490	2.999194
0.011500	2.999194
0.011510	2.999194
0.011520	2.999194
0.011530	2.999194
0.011540	2.999194
0.011550	2.999194
0.011560	2.999194
0.011570	2.999194
0.011580	2.999194
0.011590	2.999194
0.011600	2.999194
0.011610	2.999194
0.011620	2.999194
0.011630	2.999194
0.011640	2.999194
0.011650	2.999194
0.011660	2.999194
0.011670	2.999194
0.011680	2.999194
0.011690	2.999194
0.011700	2.999194
0.011710	2.999194
0.011720	2.999194
0.011730	2.999194
0.011740	2.999194
0.011750	2.999194
0.011760	2.999194
0.011770	2.999194
0.011780	2.999194
0.011790	2.999194
0.011800	2.999194
0.011810	2.999194
0.011820	2.999194
0.011830	2.999194
0.011840	2.999194
0.011850	2.999194
0.011860	2.999194
0.011870	2.999194
0.011880	2.999194
0.011890	2.999194
0.011900	2.999194
0.011910	2.999194
0.011920	2.999194
0.011930	2.999194
0.011940	2.999194
0.011950	2.999194
0.011960	2.999194
0.011970	2.999194
0.011980	2.999194
0.011990	2.999194
0.012000	2.999194
0.012010	2.999194
0.012020	2.999194
0.012030	2.999194
0.012040	2.999194
0.012050	2.999194
0.012060	2.999194
0.012070	2.999194
0.012080	2.999194
0.012090	2.999194
0.012100	2.999194
0.012110	2.999194
0.012120	2.999194
0.012130	2.999194
0.012140	2.999194
0.012150	2.999194
0.012160	2.999194
0.012170	2.999194
0.012180	2.999194
0.012190	2.999194
0.012200	2.999194
0.012210	2.999194
0.012220	2.999194
0.012230	2.999194
0.012240	2.999194
0.012250	2.999194
0.012260	2.999194
0.012270	2.999194
0.012280	2.999194
0.012290	2.999194
0.012300	2.999194
0.012310	2.999194
0.012320	2.999194
0.012330	2.999194
0.012340	2.999194
0.012350	2.999194
0.012360	2.999194
0.012370	2.999194
0.012380	2.999194
0.012390	2.999194
0.012400	2.999194
0.012410	2.999194
0.012420	2.999194
0.012430	2.999194
0.012440	2.999194
0.012450	2.999194
0.012460	2.999194
0.012470	2.999194
0.012480	2.999194
0.012490	2.999194
0.012500	2.999194
0.012510	2.999194
0.012520	2.999194
0.012530	2.999194
0.012540	2.999194
0.012550	2.999194
0.012560	2.999194
0.012570	2.999194
0.012580	2.999194
0.012590	2.999194
0.012600	2.999194
0.012610	2.999194
0.012620	2.999194
0.012630	2.999194
0.012640	2.999194
0.012650	2.999194
0.012660	2.999194
0.012670	2.999194
0.012680	2.999194
0.012690	2.999194
0.012700	2.999194
0.012710	2.999194
0.012720	2.999194
0.012730	2.999194
0.012740	2.999194
0.012750	2.999194
0.012760	2.999194
0.012770	2.999194
0.012780	2.999194
0.012790	2.999194
0.012800	2.999194
0.012810	2.999194
0.012820	2.999194
0.012830	2.999194
0.012840	2.999194
0.012850	2.999194
0.012860	2.999194
0.012870	2.999194
0.012880	2.999194
0.012890	2.999194
0.012900	2.999194
0.012910	2.999194
0.012920	2.999194
0.012930	2.999194
0.012940	2.999194
0.012950	2.999194
0.012960	2.999194
0.012970	2.999194
0.012980	2.999194
0.012990	2.999194
0.013000	2.999194
0.013010	2.999194
0.013020	2.999194
0.013030	2.999194
0.013040	2.999194
0.013050	2.999194
0.013060	2.999194
0.013070	2.999194
0.013080	2.999194
0.013090	2.999194
0.013100	2.999194
0.013110	2.999194
0.013120	2.999194
0.013130	2.999194
0.013140	2.999194
0.013150	2.999194
0.013160	2.999194
0.013170	2.999194
0.013180	2.999194
0.013190	2.999194
0.013200	2.999194
0.013210	2.999194
0.013220	2.999194
0.013230	2.999194
0.013240	2.999194
0.013250	2.999194
0.013260	2.999194
0.013270	2.999194
0.013280	2.999194
0.013290	2.999194
0.013300	2.999194
0.013310	2.999194
0.013320	2.999194
0.013330	2.999194
0.013340	2.999194
0.013350	2.999194
0.013360	2.999194
0.013370	2.999194
0.013380	2.999194
0.013390	2.999194
0.013400	2.999194
0.013410	2.999194
0.013420	2.999194
0.013430	2.999194
0.013440	2.999194
0.013450	2.999194
0.013460	2.999194
0.013470	2.999194
0.013480	2.999194
0.013490	2.999194
0.013500	2.999194
0.013510	2.999194
0.013520	2.999194
0.013530	2.999194
0.013540	2.999194
0.013550	2.999194
0.013560	2.999194
0.013570	2.999194
0.013580	2.999194
0.013590	2.999194
0.013600	2.999194
0.013610	2.999194
0.013620	2.999194
0.013630	2.999194
0.013640	2.999194
0.013650	2.999194
0.013660	2.999194
0.013670	2.999194
0.013680	2.999194
0.013690	2.999194
0.013700	2.999194
0.013710	2.999194
0.013720	2.999194
0.013730	2.999194
0.013740	2.999194
0.013750	2.999194
0.013760	2.999194
0.013770	2.999194
0.013780	2.999194
0.013790	2.999194
0.013800	2.999194
0.013810	2.999194
0.013820	2.999194
0.013830	2.999194
0.013840	2.999194
0.013850	2.999194
0.013860	2.999194
0.013870	2.999194
0.013880	2.999194
0.013890	2.999194
0.013900	2.999194
0.013910	2.999194
0.013920	2.999194
0.013930	2.999194
0.013940	2.999194
0.013950	2.999194
0.013960	2.999194
0.013970	2.999194
0.013980	2.999194
0.013990	2.999194
0.014000	2.999194
0.014010	2.999194
0.014020	2.999194
0.014030	2.999194
0.014040	2.999194
0.014050	2.999194
0.014060	2.999194
0.014070	2.999194
0.014080	2.999194
0.014090	2.999194
0.014100	2.999194
0.014110	2.999194
0.014120	2.999194
0.014130	2.999194
0.014140	2.999194
0.014150	2.999194
0.014160	2.999194
0.014170	2.999194
0.014180	2.999194
0.014190	2.999194
0.014200	2.999194
0.014210	2.999194
0.014220	2.999194
0.014230	2.999194
0.014240	2.999194
0.014250	2.999194
0.014260	2.999194
0.014270	2.999194
0.014280	2.999194
0.014290	2.999194
0.014300	2.999194
0.014310	2.999194
0.014320	2.999194
0.014330	2.999194
0.014340	2.999194
0.014350	2.999194
0.014360	2.999194
0.014370	2.999194
0.014380	2.999194
0.014390	2.999194
0.014400	2.999194
0.014410	2.999194
0.014420	2.999194
0.014430	2.999194
0.014440	2.999194
0.014450	2.999194
0.014460	2.999194
0.014470	2.999194
0.014480	2.999194
0.014490	2.999194
0.014500	2.999194
0.014510	2.999194
0.014520	2.999194
0.014530	2.999194
0.014540	2.999194
0.014550	2.999194
0.014560	2.999194
0.014570	2.999194
0.014580	2.999194
0.014590	2.999194
0.014600	2.999194
0.014610	2.999194
0.014620	2.999194
0.014630	2.999194
0.014640	2.999194
0.014650	2.999194
0.014660	2.999194
0.014670	2.999194
0.014680	2.999194
0.014690	2.999194
0.014700	2.999194
0.014710	2.999194
0.014720	2.999194
0.014730	2.999194
0.014740	2.999194
0.014750	2.999194
0.014760	2.999194
0.014770	2.999194
0.014780	2.999194
0.014790	2.999194
0.014800	2.999194
0.014810	2.999194
0.014820	2.999194
0.014830	2.999194
0.014840	2.999194
0.014850	2.999194
0.014860	2.999194
0.014870	2.999194
0.014880	2.999194
0.014890	2.999194
0.014900	2.999194
0.014910	2.999194
0.014920	2.999194
0.014930	2.999194
0.014940	2.999194
0.014950	2.999194
0.014960	2.999194
0.014970	2.999194
0.014980	2.999194
0.014990	2.999194
0.015000	2.999194
0.015010	2.999194
0.015020	2.999194
0.015030	2.999194
0.015040	2.999194
0.015050	2.999194
0.015060	2.999194
0.015070	2.999194
0.015080	2.999194
0.015090	2.999194
0.015100	2.999194
0.015110	2.999194
0.015120	2.999194
0.015130	2.999194
0.015140	2.999194
0.015150	2.999194
0.015160	2.999194
0.015170	2.999194
0.015180	2.999194
0.015190	2.999194
0.015200	2.999194
0.015210	2.999194
0.015220	2.999194
0.015230	2.999194
0.015240	2.999194
0.015250	2.999194
0.015260	2.999194
0.015270	2.999194
0.015280	2.999194
0.015290	2.999194
0.015300	2.999194
0.015310	2.999194
0.015320	2.999194
0.015330	2.999194
0.015340	2.999194
0.015350	2.999194
0.015360	2.999194
0.015370	2.999194
0.015380	2.999194
0.015390	2.999194
0.015400	2.999194
0.015410	2.999194
0.015420	2.999194
0.015430	2.999194
0.015440	2.999194
0.015450	2.999194
0.015460	2.999194
0.015470	2.999194
0.015480	2.999194
0.015490	2.999194
0.015500	2.999194
0.015510	2.999194
0.015520	2.999194
0.015530	2.999194
0.015540	2.999194
0.015550	2.999194
0.015560	2.999194
0.015570	2.999194
0.015580	2.999194
0.015590	2.999194
0.015600	2.999194
0.015610	2.999194
0.015620	2.999194
0.015630	2.999194
0.015640	2.999194
0.015650	2.999194
0.015660	2.999194
0.015670	2.999194
0.015680	2.999194
0.015690	2.999194
0.015700	2.999194
0.015710	2.999194
0.015720	2.999194
0.015730	2.999194
0.015740	2.999194
0.015750	2.999194
0.015760	2.999194
0.015770	2.999194
0.015780	2.999194
0.015790	2.999194
0.015800	2.999194
0.015810	2.999194
0.015820	2.999194
0.015830	2.999194
0.015840	2.999194
0.015850	2.999194
0.015860	2.999194
0.015870	2.999194
0.015880	2.999194
0.015890	2.999194
0.015900	2.999194
0.015910	2.999194
0.015920	2.999194
0.015930	2.999194
0.015940	2.999194
0.015950	2.999194
0.015960	2.999194
0.015970	2.999194
0.015980	2.999194
0.015990	2.999194
0.016000	2.999194
0.016010	2.999194
0.016020	2.999194
0.016030	2.999194
0.016040	2.999194
0.016050	2.999194
0.016060	2.999194
0.016070	2.999194
0.016080	2.999194
0.016090	2.999194
0.016100	2.999194
0.016110	2.999194
0.016120	2.999194
0.016130	2.999194
0.016140	2.999194
0.016150	2.999194
0.016160	2.999194
0.016170	2.999194
0.016180	2.999194
0.016190	2.999194
0.016200	2.999194
0.016210	2.999194
0.016220	2.999194
0.016230	2.999194
0.016240	2.999194
0.016250	2.999194
0.016260	2.999194
0.016270	2.999194
0.016280	2.999194
0.016290	2.999194
0.016300	2.999194
0.016310	2.999194
0.016320	2.999194
0.016330	2.999194
0.016340	2.999194
0.016350	2.999194
0.016360	2.999194
0.016370	2.999194
0.016380	2.999194
0.016390	2.999194
0.016400	2.999194
0.016410	2.999194
0.016420	2.999194
0.016430	2.999194
0.016440	2.999194
0.016450	2.999194
0.016460	2.999194
0.016470	2.999194
0.016480	2.999194
0.016490	2.999194
0.016500	2.999194
0.016510	2.999194
0.016520	2.999194
0.016530	2.999194
0.016540	2.999194
0.016550	2.999194
0.016560	2.999194
0.016570	2.999194
0.016580	2.999194
0.016590	2.999194
0.016600	2.999194
0.016610	2.999194
0.016620	2.999194
0.016630	2.999194
0.016640	2.999194
0.016650	2.999194
0.016660	2.999194
0.016670	2.999194
0.016680	2.999194
0.016690	2.999194
0.016700	2.999194
0.016710	2.999194
0.016720	2.999194
0.016730	2.999194
0.016740	2.999194
0.016750	2.999194
0.016760	2.999194
0.016770	2.999194
0.016780	2.999194
0.016790	2.999194
0.016800	2.999194
0.016810	2.999194
0.016820	2.999194
0.016830	2.999194
0.016840	2.999194
0.016850	2.999194
0.016860	2.999194
0.016870	2.999194
0.016880	2.999194
0.016890	2.999194
0.016900	2.999194
0.016910	2.999194
0.016920	2.999194
0.016930	2.999194
0.016940	2.999194
0.016950	2.999194
0.016960	2.999194
0.016970	2.999194
0.016980	2.999194
0.016990	2.999194
0.017000	2.999194
0.017010	2.999194
0.017020	2.999194
0.017030	2.999194
0.017040	2.999194
0.017050	2.999194
0.017060	2.999194
0.017070	2.999194
0.017080	2.999194
0.017090	2.999194
0.017100	2.999194
0.017110	2.999194
0.017120	2.999194
0.017130	2.999194
0.017140	2.999194
0.017150	2.999194
0.017160	2.999194
0.017170	2.999194
0.017180	2.999194
0.017190	2.999194
0.017200	2.999194
0.017210	2.999194
0.017220	2.999194
0.017230	2.999194
0.017240	2.999194
0.017250	2.999194
0.017260	2.999194
0.017270	2.999194
0.017280	2.999194
0.017290	2.999194
0.017300	2.999194
0.017310	2.999194
0.017320	2.999194
0.017330	2.999194
0.017340	2.999194
0.017350	2.999194
0.017360	2.999194
0.017370	2.999194
0.017380	2.999194
0.017390	2.999194
0.017400	2.999194
0.017410	2.999194
0.017420	2.999194
0.017430	2.999194
0.017440	2.999194
0.017450	2.999194
0.017460	2.999194
0.017470	2.999194
0.017480	2.999194
0.017490	2.999194
0.017500	2.999194
0.017510	2.999194
0.017520	2.999194
0.017530	2.999194
0.017540	2.999194
0.017550	2.999194
0.017560	2.999194
0.017570	2.999194
0.017580	2.999194
0.017590	2.999194
0.017600	2.999194
0.017610	2.999194
0.017620	2.999194
0.017630	2.999194
0.017640	2.999194
0.017650	2.999194
0.017660	2.999194
0.017670	2.999194
0.017680	2.999194
0.017690	2.999194
0.017700	2.999194
0.017710	2.999194
0.017720	2.999194
0.017730	2.999194
0.017740	2.999194
0.017750	2.999194
0.017760	2.999194
0.017770	2.999194
0.017780	2.999194
0.017790	2.999194
0.017800	2.999194
0.017810	2.999194
0.017820	2.999194
0.017830	2.999194
0.017840	2.999194
0.017850	2.999194
0.017860	2.999194
0.017870	2.999194
0.017880	2.999194
0.017890	2.999194
0.017900	2.999194
0.017910	2.999194
0.017920	2.999194
0.017930	2.999194
0.017940	2.999194
0.017950	2.999194
0.017960	2.999194
0.017970	2.999194
0.017980	2.999194
0.017990	2.999194
0.018000	2.999194
0.018010	2.999194
0.018020	2.999194
0.018030	2.999194
0.018040	2.999194
0.018050	2.999194
0.018060	2.999194
0.018070	2.999194
0.018080	2.999194
0.018090	2.999194
0.018100	2.999194
0.018110	2.999194
0.018120	2.999194
0.018130	2.999194
0.018140	2.999194
0.018150	2.999194
0.018160	2.999194
0.018170	2.999194
0.018180	2.999194
0.018190	2.999194
0.018200	2.999194
0.018210	2.999194
0.018220	2.999194
0.018230	2.999194
0.018240	2.999194
0.018250	2.999194
0.018260	2.999194
0.018270	2.999194
0.018280	2.999194
0.018290	2.999194
0.018300	2.999194
0.018310	2.999194
0.018320	2.999194
0.018330	2.999194
0.018340	2.999194
0.018350	2.999194
0.018360	2.999194
0.018370	2.999194
0.018380	2.999194
0.018390	2.999194
0.018400	2.999194
0.018410	2.999194
0.018420	2.999194
0.018430	2.999194
0.018440	2.999194
0.018450	2.999194
0.018460	2.999194
0.018470	2.999194
0.018480	2.999194
0.018490	2.999194
0.018500	2.999194
0.018510	2.999194
0.018520	2.999194
0.018530	2.999194
0.018540	2.999194
0.018550	2.999194
0.018560	2.999194
0.018570	2.999194
0.018580	2.999194
0.018590	2.999194
0.018600	2.999194
0.018610	2.999194
0.018620	2.999194
0.018630	2.999194
0.018640	2.999194
0.018650	2.999194
0.018660	2.999194
0.018670	2.999194
0.018680	2.999194
0.018690	2.999194
0.018700	2.999194
0.018710	2.999194
0.018720	2.999194
0.018730	2.999194
0.018740	2.999194
0.018750	2.999194
0.018760	2.999194
0.018770	2.999194
0.018780	2.999194
0.018790	2.999194
0.018800	2.999194
0.018810	2.999194
0.018820	2.999194
0.018830	2.999194
0.018840	2.999194
0.018850	2.999194
0.018860	2.999194
0.018870	2.999194
0.018880	2.999194
0.018890	2.999194
0.018900	2.999194
0.018910	2.999194
0.018920	2.999194
0.018930	2.999194
0.018940	2.999194
0.018950	2.999194
0.018960	2.999194
0.018970	2.999194
0.018980	2.999194
0.018990	2.999194
0.019000	2.999194
0.019010	2.999194
0.019020	2.999194
0.019030	2.999194
0.019040	2.999194
0.019050	2.999194
0.019060	2.999194
0.019070	2.999194
0.019080	2.999194
0.019090	2.999194
0.019100	2.999194
0.019110	2.999194
0.019120	2.999194
0.019130	2.999194
0.019140	2.999194
0.019150	2.999194
0.019160	2.999194
0.019170	2.999194
0.019180	2.999194
0.019190	2.999194
0.019200	2.999194
0.019210	2.999194
0.019220	2.999194
0.019230	2.999194
0.019240	2.999194
0.019250	2.999194
0.019260	2.999194
0.019270	2.999194
0.019280	2.999194
0.019290	2.999194
0.019300	2.999194
0.019310	2.999194
0.019320	2.999194
0.019330	2.999194
0.019340	2.999194
0.019350	2.999194
0.019360	2.999194
0.019370	2.999194
0.019380	2.999194
0.019390	2.999194
0.019400	2.999194
0.019410	2.999194
0.019420	2.999194
0.019430	2.999194
0.019440	2.999194
0.019450	2.999194
0.019460	2.999194
0.019470	2.999194
0.019480	2.999194
0.019490	2.999194
0.019500	2.999194
0.019510	2.999194
0.019520	2.999194
0.019530	2.999194
0.019540	2.999194
0.019550	2.999194
0.019560	2.999194
0.019570	2.999194
0.019580	2.999194
0.019590	2.999194
0.019600	2.999194
0.019610	2.999194
0.019620	2.999194
0.019630	2.999194
0.019640	2.999194
0.019650	2.999194
0.019660	2.999194
0.019670	2.999194
0.019680	2.999194
0.019690	2.999194
0.019700	2.999194
0.019710	2.999194
0.019720	2.999194
0.019730	2.999194
0.019740	2.999194
0.019750	2.999194
0.019760	2.999194
0.019770	2.999194
0.019780	2.999194
0.019790	2.999194
0.019800	2.999194
0.019810	2.999194
0.019820	2.999194
0.019830	2.999194
0.019840	2.999194
0.019850	2.999194
0.019860	2.999194
0.019870	2.999194
0.019880	2.999194
0.019890	2.999194
0.019900	2.999194
0.019910	2.999194
0.019920	2.999194
0.019930	2.999194
0.019940	2.999194
0.019950	2.999194
0.019960	2.999194
0.019970	2.999194
0.019980	2.999194
0.019990	2.999194
0.020000	2.999194
0.020010	2.999194
0.020020	2.999194
0.020030	2.999194
0.020040	2.999194
0.020050	2.999194
0.020060	2.999194
0.020070	2.999194
0.020080	2.999194
0.020090	2.999194
0.020100	2.999194
0.020110	2.999194
0.020120	2.999194
0.020130	2.999194
0.020140	2.999194
0.020150	2.999194
0.020160	2.999194
0.020170	2.999194
0.020180	2.999194
0.020190	2.999194
0.020200	2.999194
0.020210	2.999194
0.020220	2.999194
0.020230	2.999194
0.020240	2.999194
0.020250	2.999194
0.020260	2.999194
0.020270	2.999194
0.020280	2.999194
0.020290	2.999194
0.020300	2.999194
0.020310	2.999194
0.020320	2.999194
0.020330	2.999194
0.020340	2.999194
0.020350	2.999194
0.020360	2.999194
0.020370	2.999194
0.020380	2.999194
0.020390	2.999194
0.020400	2.999194
0.020410	2.999194
0.020420	2.999194
0.020430	2.999194
0.020440	2.999194
0.020450	2.999194
0.020460	2.999194
0.020470	2.999194
0.020480	2.999194
0.020490	2.999194
0.020500	2.999194
0.020510	2.999194
0.020520	2.999194
0.020530	2.999194
0.020540	2.999194
0.020550	2.999194
0.020560	2.999194
0.020570	2.999194
0.020580	2.999194
0.020590	2.999194
0.020600	2.999194
0.020610	2.999194
0.020620	2.999194
0.020630	2.999194
0.020640	2.999194
0.020650	2.999194
0.020660	2.999194
0.020670	2.999194
0.020680	2.999194
0.020690	2.999194
0.020700	2.999194
0.020710	2.999194
0.020720	2.999194
0.020730	2.999194
0.020740	2.999194
0.020750	2.999194
0.020760	2.999194
0.020770	2.999194
0.020780	2.999194
0.020790	2.999194
0.020800	2.999194
0.020810	2.999194
0.020820	2.999194
0.020830	2.999194
0.020840	2.999194
0.020850	2.999194
0.020860	2.999194
0.020870	2.999194
0.020880	2.999194
0.020890	2.999194
0.020900	2.999194
0.020910	2.999194
0.020920	2.999194
0.020930	2.999194
0.020940	2.999194
0.020950	2.999194
0.020960	2.999194
0.020970	2.999194
0.020980	2.999194
0.020990	2.999194
0.021000	2.999194
0.021010	2.999194
0.021020	2.999194
0.021030	2.999194
0.021040	2.999194
0.021050	2.999194
0.021060	2.999194
0.021070	2.999194
0.021080	2.999194
0.021090	2.999194
0.021100	2.999194
0.021110	2.999194
0.021120	2.999194
0.021130	2.999194
0.021140	2.999194
0.021150	2.999194
0.021160	2.999194
0.021170	2.999194
0.021180	2.999194
0.021190	2.999194
0.021200	2.999194
0.021210	2.999194
0.021220	2.999194
0.021230	2.999194
0.021240	2.999194
0.021250	2.999194
0.021260	2.999194
0.021270	2.999194
0.021280	2.999194
0.021290	2.999194
0.021300	2.999194
0.021310	2.999194
0.021320	2.999194
0.021330	2.999194
0.021340	2.999194
0.021350	2.999194
0.021360	2.999194
0.021370	2.999194
0.021380	2.999194
0.021390	2.999194
0.021400	2.999194
0.021410	2.999194
0.021420	2.999194
0.021430	2.999194
0.021440	2.999194
0.021450	2.999194
0.021460	2.999194
0.021470	2.999194
0.021480	2.999194
0.021490	2.999194
0.021500	2.999194
0.021510	2.999194
0.021520	2.999194
0.021530	2.999194
0.021540	2.999194
0.021550	2.999194
0.021560	2.999194
0.021570	2.999194
0.021580	2.999194
0.021590	2.999194
0.021600	2.999194
0.021610	2.999194
0.021620	2.999194
0.021630	2.999194
0.021640	2.999194
0.021650	2.999194
0.021660	2.999194
0.021670	2.999194
0.021680	2.999194
0.021690	2.999194
0.021700	2.999194
0.021710	2.999194
0.021720	2.999194
0.021730	2.999194
0.021740	2.999194
0.021750	2.999194
0.021760	2.999194
0.021770	2.999194
0.021780	2.999194
0.021790	2.999194
0.021800	2.999194
0.021810	2.999194
0.021820	2.999194
0.021830	2.999194
0.021840	2.999194
0.021850	2.999194
0.021860	2.999194
0.021870	2.999194
0.021880	2.999194
0.021890	2.999194
0.021900	2.999194
0.021910	2.999194
0.021920	2.999194
0.021930	2.999194
0.021940	2.999194
0.021950	2.999194
0.021960	2.999194
0.021970	2.999194
0.021980	2.999194
0.021990	2.999194
0.022000	2.999194
0.022010	2.999194
0.022020	2.999194
0.022030	2.999194
0.022040	2.999194
0.022050	2.999194
0.022060	2.999194
0.022070	2.999194
0.022080	2.999194
0.022090	2.999194
0.022100	2.999194
0.022110	2.999194
0.022120	2.999194
0.022130	2.999194
0.022140	2.999194
0.022150	2.999194
0.022160	2.999194
0.022170	2.999194
0.022180	2.999194
0.022190	2.999194
0.022200	2.999194
0.022210	2.999194
0.022220	2.999194
0.022230	2.999194
0.022240	2.999194
0.022250	2.999194
0.022260	2.999194
0.022270	2.999194
0.022280	2.999194
0.022290	2.999194
0.022300	2.999194
0.022310	2.999194
0.022320	2.999194
0.022330	2.999194
0.022340	2.999194
0.022350	2.999194
0.022360	2.999194
0.022370	2.999194
0.022380	2.999194
0.022390	2.999194
0.022400	2.999194
0.022410	2.999194
0.022420	2.999194
0.022430	2.999194
0.022440	2.999194
0.022450	2.999194
0.022460	2.999194
0.022470	2.999194
0.022480	2.999194
0.022490	2.999194
0.022500	2.999194
0.022510	2.999194
0.022520	2.999194
0.022530	2.999194
0.022540	2.999194
0.022550	2.999194
0.022560	2.999194
0.022570	2.999194
0.022580	2.999194
0.022590	2.999194
0.022600	2.999194
0.022610	2.999194
0.022620	2.999194
0.022630	2.999194
0.022640	2.999194
0.022650	2.999194
0.022660	2.999194
0.022670	2.999194
0.022680	2.999194
0.022690	2.999194
0.022700	2.999194
0.022710	2.999194
0.022720	2.999194
0.022730	2.999194
0.022740	2.999194
0.022750	2.999194
0.022760	2.999194
0.022770	2.999194
0.022780	2.999194
0.022790	2.999194
0.022800	2.999194
0.022810	2.999194
0.022820	2.999194
0.022830	2.999194
0.022840	2.999194
0.022850	2.999194
0.022860	2.999194
0.022870	2.999194
0.022880	2.999194
0.022890	2.999194
0.022900	2.999194
0.022910	2.999194
0.022920	2.999194
0.022930	2.999194
0.022940	2.999194
0.022950	2.999194
0.022960	2.999194
0.022970	2.999194
0.022980	2.999194
0.022990	2.999194
0.023000	2.999194
0.023010	2.999194
0.023020	2.999194
0.023030	2.999194
0.023040	2.999194
0.023050	2.999194
0.023060	2.999194
0.023070	2.999194
0.023080	2.999194
0.023090	2.999194
0.023100	2.999194
0.023110	2.999194
0.023120	2.999194
0.023130	2.999194
0.023140	2.999194
0.023150	2.999194
0.023160	2.999194
0.023170	2.999194
0.023180	2.999194
0.023190	2.999194
0.023200	2.999194
0.023210	2.999194
0.023220	2.999194
0.023230	2.999194
0.023240	2.999194
0.023250	2.999194
0.023260	2.999194
0.023270	2.999194
0.023280	2.999194
0.023290	2.999194
0.023300	2.999194
0.023310	2.999194
0.023320	2.999194
0.023330	2.999194
0.023340	2.999194
0.023350	2.999194
0.023360	2.999194
0.023370	2.999194
0.023380	2.999194
0.023390	2.999194
0.023400	2.999194
0.023410	2.999194
0.023420	2.999194
0.023430	2.999194
0.023440	2.999194
0.023450	2.999194
0.023460	2.999194
0.023470	2.999194
0.023480	2.999194
0.023490	2.999194
0.023500	2.999194
0.023510	2.999194
0.023520	2.999194
0.023530	2.999194
0.023540	2.999194
0.023550	2.999194
0.023560	2.999194
0.023570	2.999194
0.023580	2.999194
0.023590	2.999194
0.023600	2.999194
0.023610	2.999194
0.023620	2.999194
0.023630	2.999194
0.023640	2.999194
0.023650	2.999194
0.023660	2.999194
0.023670	2.999194
0.023680	2.999194
0.023690	2.999194
0.023700	2.999194
0.023710	2.999194
0.023720	2.999194
0.023730	2.999194
0.023740	2.999194
0.023750	2.999194
0.023760	2.999194
0.023770	2.999194
0.023780	2.999194
0.023790	2.999194
0.023800	2.999194
0.023810	2.999194
0.023820	2.999194
0.023830	2.999194
0.023840	2.999194
0.023850	2.999194
0.023860	2.999194
0.023870	2.999194
0.023880	2.999194
0.023890	2.999194
0.023900	2.999194
0.023910	2.999194
0.023920	2.999194
0.023930	2.999194
0.023940	2.999194
0.023950	2.999194
0.023960	2.999194
0.023970	2.999194
0.023980	2.999194
0.023990	2.999194
0.024000	2.999194
0.024010	2.999194
0.024020	2.999194
0.024030	2.999194
0.024040	2.999194
0.024050	2.999194
0.024060	2.999194
0.024070	2.999194
0.024080	2.999194
0.024090	2.999194
0.024100	2.999194
0.024110	2.999194
0.024120	2.999194
0.024130	2.999194
0.024140	2.999194
0.024150	2.999194
0.024160	2.999194
0.024170	2.999194
0.024180	2.999194
0.024190	2.999194
0.024200	2.999194
0.024210	2.999194
0.024220	2.999194
0.024230	2.999194
0.024240	2.999194
0.024250	2.999194
0.024260	2.999194
0.024270	2.999194
0.024280	2.999194
0.024290	2.999194
0.024300	2.999194
0.024310	2.999194
0.024320	2.999194
0.024330	2.999194
0.024340	2.999194
0.024350	2.999194
0.024360	2.999194
0.024370	2.999194
0.024380	2.999194
0.024390	2.999194
0.024400	2.999194
0.024410	2.999194
0.024420	2.999194
0.024430	2.999194
0.024440	2.999194
0.024450	2.999194
0.024460	2.999194
0.024470	2.999194
0.024480	2.999194
0.024490	2.999194
0.024500	2.999194
0.024510	2.999194
0.024520	2.999194
0.024530	2.999194
0.024540	2.999194
0.024550	2.999194
0.024560	2.999194
0.024570	2.999194
0.024580	2.999194
0.024590	2.999194
0.024600	2.999194
0.024610	2.999194
0.024620	2.999194
0.024630	2.999194
0.024640	2.999194
0.024650	2.999194
0.024660	2.999194
0.024670	2.999194
0.024680	2.999194
0.024690	2.999194
0.024700	2.999194
0.024710	2.999194
0.024720	2.999194
0.024730	2.999194
0.024740	2.999194
0.024750	2.999194
0.024760	2.999194
0.024770	2.999194
0.024780	2.999194
0.024790	2.999194
0.024800	2.999194
0.024810	2.999194
0.024820	2.999194
0.024830	2.999194
0.024840	2.999194
0.024850	2.999194
0.024860	2.999194
0.024870	2.999194
0.024880	2.999194
0.024890	2.999194
0.024900	2.999194
0.024910	2.999194
0.024920	2.999194
0.024930	2.999194
0.024940	2.999194
0.024950	2.999194
0.024960	2.999194
0.024970	2.999194
0.024980	2.999194
0.024990	2.999194
0.025000	2.999194
0.025010	2.999194
0.025020	2.999194
0.025030	2.999194
0.025040	2.999194
0.025050	2.999194
0.025060	2.999194
0.025070	2.999194
0.025080	2.999194
0.025090	2.999194
0.025100	2.999194
0.025110	2.999194
0.025120	2.999194
0.025130	2.999194
0.025140	2.999194
0.025150	2.999194
0.025160	2.999194
0.025170	2.999194
0.025180	2.999194
0.025190	2.999194
0.025200	2.999194
0.025210	2.999194
0.025220	2.999194
0.025230	2.999194
0.025240	2.999194
0.025250	2.999194
0.025260	2.999194
0.025270	2.999194
0.025280	2.999194
0.025290	2.999194
0.025300	2.999194
0.025310	2.999194
0.025320	2.999194
0.025330	2.999194
0.025340	2.999194
0.025350	2.999194
0.025360	2.999194
0.025370	2.999194
0.025380	2.999194
0.025390	2.999194
0.025400	2.999194
0.025410	2.999194
0.025420	2.999194
0.025430	2.999194
0.025440	2.999194
0.025450	2.999194
0.025460	2.999194
0.025470	2.999194
0.025480	2.999194
0.025490	2.999194
0.025500	2.999194
0.025510	2.999194
0.025520	2.999194
0.025530	2.999194
0.025540	2.999194
0.025550	2.999194
0.025560	2.999194
0.025570	2.999194
0.025580	2.999194
0.025590	2.999194
0.025600	2.999194
0.025610	2.999194
0.025620	2.999194
0.025630	2.999194
0.025640	2.999194
0.025650	2.999194
0.025660	2.999194
0.025670	2.999194
0.025680	2.999194
0.025690	2.999194
0.025700	2.999194
0.025710	2.999194
0.025720	2.999194
0.025730	2.999194
0.025740	2.999194
0.025750	2.999194
0.025760	2.999194
0.025770	2.999194
0.025780	2.999194
0.025790	2.999194
0.025800	2.999194
0.025810	2.999194
0.025820	2.999194
0.025830	2.999194
0.025840	2.999194
0.025850	2.999194
0.025860	2.999194
0.025870	2.999194
0.025880	2.999194
0.025890	2.999194
0.025900	2.999194
0.025910	2.999194
0.025920	2.999194
0.025930	2.999194
0.025940	2.999194
0.025950	2.999194
0.025960	2.999194
0.025970	2.999194
0.025980	2.999194
0.025990	2.999194
0.026000	2.999194
0.026010	2.999194
0.026020	2.999194
0.026030	2.999194
0.026040	2.999194
0.026050	2.999194
0.026060	2.999194
0.026070	2.999194
0.026080	2.999194
0.026090	2.999194
0.026100	2.999194
0.026110	2.999194
0.026120	2.999194
0.026130	2.999194
0.026140	2.999194
0.026150	2.999194
0.026160	2.999194
0.026170	2.999194
0.026180	2.999194
0.026190	2.999194
0.026200	2.999194
0.026210	2.999194
0.026220	2.999194
0.026230	2.999194
0.026240	2.999194
0.026250	2.999194
0.026260	2.999194
0.026270	2.999194
0.026280	2.999194
0.026290	2.999194
0.026300	2.999194
0.026310	2.999194
0.026320	2.999194
0.026330	2.999194
0.026340	2.999194
0.026350	2.999194
0.026360	2.999194
0.026370	2.999194
0.026380	2.999194
0.026390	2.999194
0.026400	2.999194
0.026410	2.999194
0.026420	2.999194
0.026430	2.999194
0.026440	2.999194
0.026450	2.999194
0.026460	2.999194
0.026470	2.999194
0.026480	2.999194
0.026490	2.999194
0.026500	2.999194
0.026510	2.999194
0.026520	2.999194
0.026530	2.999194
0.026540	2.999194
0.026550	2.999194
0.026560	2.999194
0.026570	2.999194
0.026580	2.999194
0.026590	2.999194
0.026600	2.999194
0.026610	2.999194
0.026620	2.999194
0.026630	2.999194
0.026640	2.999194
0.026650	2.999194
0.026660	2.999194
0.026670	2.999194
0.026680	2.999194
0.026690	2.999194
0.026700	2.999194
0.026710	2.999194
0.026720	2.999194
0.026730	2.999194
0.026740	2.999194
0.026750	2.999194
0.026760	2.999194
0.026770	2.999194
0.026780	2.999194
0.026790	2.999194
0.026800	2.999194
0.026810	2.999194
0.026820	2.999194
0.026830	2.999194
0.026840	2.999194
0.026850	2.999194
0.026860	2.999194
0.026870	2.999194
0.026880	2.999194
0.026890	2.999194
0.026900	2.999194
0.026910	2.999194
0.026920	2.999194
0.026930	2.999194
0.026940	2.999194
0.026950	2.999194
0.026960	2.999194
0.026970	2.999194
0.026980	2.999194
0.026990	2.999194
0.027000	2.999194
0.027010	2.999194
0.027020	2.999194
0.027030	2.999194
0.027040	2.999194
0.027050	2.999194
0.027060	2.999194
0.027070	2.999194
0.027080	2.999194
0.027090	2.999194
0.027100	2.999194
0.027110	2.999194
0.027120	2.999194
0.027130	2.999194
0.027140	2.999194
0.027150	2.999194
0.027160	2.999194
0.027170	2.999194
0.027180	2.999194
0.027190	2.999194
0.027200	2.999194
0.027210	2.999194
0.027220	2.999194
0.027230	2.999194
0.027240	2.999194
0.027250	2.999194
0.027260	2.999194
0.027270	2.999194
0.027280	2.999194
0.027290	2.999194
0.027300	2.999194
0.027310	2.999194
0.027320	2.999194
0.027330	2.999194
0.027340	2.999194
0.027350	2.999194
0.027360	2.999194
0.027370	2.999194
0.027380	2.999194
0.027390	2.999194
0.027400	2.999194
0.027410	2.999194
0.027420	2.999194
0.027430	2.999194
0.027440	2.999194
0.027450	2.999194
0.027460	2.999194
0.027470	2.999194
0.027480	2.999194
0.027490	2.999194
0.027500	2.999194
0.027510	2.999194
0.027520	2.999194
0.027530	2.999194
0.027540	2.999194
0.027550	2.999194
0.027560	2.999194
0.027570	2.999194
0.027580	2.999194
0.027590	2.999194
0.027600	2.999194
0.027610	2.999194
0.027620	2.999194
0.027630	2.999194
0.027640	2.999194
0.027650	2.999194
0.027660	2.999194
0.027670	2.999194
0.027680	2.999194
0.027690	2.999194
0.027700	2.999194
0.027710	2.999194
0.027720	2.999194
0.027730	2.999194
0.027740	2.999194
0.027750	2.999194
0.027760	2.999194
0.027770	2.999194
0.027780	2.999194
0.027790	2.999194
0.027800	2.999194
0.027810	2.999194
0.027820	2.999194
0.027830	2.999194
0.027840	2.999194
0.027850	2.999194
0.027860	2.999194
0.027870	2.999194
0.027880	2.999194
0.027890	2.999194
0.027900	2.999194
0.027910	2.999194
0.027920	2.999194
0.027930	2.999194
0.027940	2.999194
0.027950	2.999194
0.027960	2.999194
0.027970	2.999194
0.027980	2.999194
0.027990	2.999194
0.028000	2.999194
0.028010	2.999194
0.028020	2.999194
0.028030	2.999194
0.028040	2.999194
0.028050	2.999194
0.028060	2.999194
0.028070	2.999194
0.028080	2.999194
0.028090	2.999194
0.028100	2.999194
0.028110	2.999194
0.028120	2.999194
0.028130	2.999194
0.028140	2.999194
0.028150	2.999194
0.028160	2.999194
0.028170	2.999194
0.028180	2.999194
0.028190	2.999194
0.028200	2.999194
0.028210	2.999194
0.028220	2.999194
0.028230	2.999194
0.028240	2.999194
0.028250	2.999194
0.028260	2.999194
0.028270	2.999194
0.028280	2.999194
0.028290	2.999194
0.028300	2.999194
0.028310	2.999194
0.028320	2.999194
0.028330	2.999194
0.028340	2.999194
0.028350	2.999194
0.028360	2.999194
0.028370	2.999194
0.028380	2.999194
0.028390	2.999194
0.028400	2.999194
0.028410	2.999194
0.028420	2.999194
0.028430	2.999194
0.028440	2.999194
0.028450	2.999194
0.028460	2.999194
0.028470	2.999194
0.028480	2.999194
0.028490	2.999194
0.028500	2.999194
0.028510	2.999194
0.028520	2.999194
0.028530	2.999194
0.028540	2.999194
0.028550	2.999194
0.028560	2.999194
0.028570	2.999194
0.028580	2.999194
0.028590	2.999194
0.028600	2.999194
0.028610	2.999194
0.028620	2.999194
0.028630	2.999194
0.028640	2.999194
0.028650	2.999194
0.028660	2.999194
0.028670	2.999194
0.028680	2.999194
0.028690	2.999194
0.028700	2.999194
0.028710	2.999194
0.028720	2.999194
0.028730	2.999194
0.028740	2.999194
0.028750	2.999194
0.028760	2.999194
0.028770	2.999194
0.028780	2.999194
0.028790	2.999194
0.028800	2.999194
0.028810	2.999194
0.028820	2.999194
0.028830	2.999194
0.028840	2.999194
0.028850	2.999194
0.028860	2.999194
0.028870	2.999194
0.028880	2.999194
0.028890	2.999194
0.028900	2.999194
0.028910	2.999194
0.028920	2.999194
0.028930	2.999194
0.028940	2.999194
0.028950	2.999194
0.028960	2.999194
0.028970	2.999194
0.028980	2.999194
0.028990	2.999194
0.029000	2.999194
0.029010	2.999194
0.029020	2.999194
0.029030	2.999194
0.029040	2.999194
0.029050	2.999194
0.029060	2.999194
0.029070	2.999194
0.029080	2.999194
0.029090	2.999194
0.029100	2.999194
0.029110	2.999194
0.029120	2.999194
0.029130	2.999194
0.029140	2.999194
0.029150	2.999194
0.029160	2.999194
0.029170	2.999194
0.029180	2.999194
0.029190	2.999194
0.029200	2.999194
0.029210	2.999194
0.029220	2.999194
0.029230	2.999194
0.029240	2.999194
0.029250	2.999194
0.029260	2.999194
0.029270	2.999194
0.029280	2.999194
0.029290	2.999194
0.029300	2.999194
0.029310	2.999194
0.029320	2.999194
0.029330	2.999194
0.029340	2.999194
0.029350	2.999194
0.029360	2.999194
0.029370	2.999194
0.029380	2.999194
0.029390	2.999194
0.029400	2.999194
0.029410	2.999194
0.029420	2.999194
0.029430	2.999194
0.029440	2.999194
0.029450	2.999194
0.029460	2.999194
0.029470	2.999194
0.029480	2.999194
0.029490	2.999194
0.029500	2.999194
0.029510	2.999194
0.029520	2.999194
0.029530	2.999194
0.029540	2.999194
0.029550	2.999194
0.029560	2.999194
0.029570	2.999194
0.029580	2.999194
0.029590	2.999194
0.029600	2.999194
0.029610	2.999194
0.029620	2.999194
0.029630	2.999194
0.029640	2.999194
0.029650	2.999194
0.029660	2.999194
0.029670	2.999194
0.029680	2.999194
0.029690	2.999194
0.029700	2.999194
0.029710	2.999194
0.029720	2.999194
0.029730	2.999194
0.029740	2.999194
0.029750	2.999194
0.029760	2.999194
0.029770	2.999194
0.029780	2.999194
0.029790	2.999194
0.029800	2.999194
0.029810	2.999194
0.029820	2.999194
0.029830	2.999194
0.029840	2.999194
0.029850	2.999194
0.029860	2.999194
0.029870	2.999194
0.029880	2.999194
0.029890	2.999194
0.029900	2.999194
0.029910	2.999194
0.029920	2.999194
0.029930	2.999194
0.029940	2.999194
0.029950	2.999194
0.029960	2.999194
0.029970	2.999194
0.029980	2.999194
0.029990	2.999194
0.030000	2.999194
0.030010	2.999194
0.030020	2.999194
0.030030	2.999194
0.030040	2.999194
0.030050	2.999194
0.030060	2.999194
0.030070	2.999194
0.030080	2.999194
0.030090	2.999194
0.030100	2.999194
0.030110	2.999194
0.030120	2.999194
0.030130	2.999194
0.030140	2.999194
0.030150	2.999194
0.030160	2.999194
0.030170	2.999194
0.030180	2.999194
0.030190	2.999194
0.030200	2.999194
0.030210	2.999194
0.030220	2.999194
0.030230	2.999194
0.030240	2.999194
0.030250	2.999194
0.030260	2.999194
0.030270	2.999194
0.030280	2.999194
0.030290	2.999194
0.030300	2.999194
0.030310	2.999194
0.030320	2.999194
0.030330	2.999194
0.030340	2.999194
0.030350	2.999194
0.030360	2.999194
0.030370	2.999194
0.030380	2.999194
0.030390	2.999194
0.030400	2.999194
0.030410	2.999194
0.030420	2.999194
0.030430	2.999194
0.030440	2.999194
0.030450	2.999194
0.030460	2.999194
0.030470	2.999194
0.030480	2.999194
0.030490	2.999194
0.030500	2.999194
0.030510	2.999194
0.030520	2.999194
0.030530	2.999194
0.030540	2.999194
0.030550	2.999194
0.030560	2.999194
0.030570	2.999194
0.030580	2.999194
0.030590	2.999194
0.030600	2.999194
0.030610	2.999194
0.030620	2.999194
0.030630	2.999194
0.030640	2.999194
0.030650	2.999194
0.030660	2.999194
0.030670	2.999194
0.030680	2.999194
0.030690	2.999194
0.030700	2.999194
0.030710	2.999194
0.030720	2.999194
0.030730	2.999194
0.030740	2.999194
0.030750	2.999194
0.030760	2.999194
0.030770	2.999194
0.030780	2.999194
0.030790	2.999194
0.030800	2.999194
0.030810	2.999194
0.030820	2.999194
0.030830	2.999194
0.030840	2.999194
0.030850	2.999194
0.030860	2.999194
0.030870	2.999194
0.030880	2.999194
0.030890	2.999194
0.030900	2.999194
0.030910	2.999194
0.030920	2.999194
0.030930	2.999194
0.030940	2.999194
0.030950	2.999194
0.030960	2.999194
0.030970	2.999194
0.030980	2.999194
0.030990	2.999194
0.031000	2.999194
0.031010	2.999194
0.031020	2.999194
0.031030	2.999194
0.031040	2.999194
0.031050	2.999194
0.031060	2.999194
0.031070	2.999194
0.031080	2.999194
0.031090	2.999194
0.031100	2.999194
0.031110	2.999194
0.031120	2.999194
0.031130	2.999194
0.031140	2.999194
0.031150	2.999194
0.031160	2.999194
0.031170	2.999194
0.031180	2.999194
0.031190	2.999194
0.031200	2.999194
0.031210	2.999194
0.031220	2.999194
0.031230	2.999194
0.031240	2.999194
0.031250	2.999194
0.031260	2.999194
0.031270	2.999194
0.031280	2.999194
0.031290	2.999194
0.031300	2.999194
0.031310	2.999194
0.031320	2.999194
0.031330	2.999194
0.031340	2.999194
0.031350	2.999194
0.031360	2.999194
0.031370	2.999194
0.031380	2.999194
0.031390	2.999194
0.031400	2.999194
0.031410	2.999194
0.031420	2.999194
0.031430	2.999194
0.031440	2.999194
0.031450	2.999194
0.031460	2.999194
0.031470	2.999194
0.031480	2.999194
0.031490	2.999194
0.031500	2.999194
0.031510	2.999194
0.031520	2.999194
0.031530	2.999194
0.031540	2.999194
0.031550	2.999194
0.031560	2.999194
0.031570	2.999194
0.031580	2.999194
0.031590	2.999194
0.031600	2.999194
0.031610	2.999194
0.031620	2.999194
0.031630	2.999194
0.031640	2.999194
0.031650	2.999194
0.031660	2.999194
0.031670	2.999194
0.031680	2.999194
0.031690	2.999194
0.031700	2.999194
0.031710	2.999194
0.031720	2.999194
0.031730	2.999194
0.031740	2.999194
0.031750	2.999194
0.031760	2.999194
0.031770	2.999194
0.031780	2.999194
0.031790	2.999194
0.031800	2.999194
0.031810	2.999194
0.031820	2.999194
0.031830	2.999194
0.031840	2.999194
0.031850	2.999194
0.031860	2.999194
0.031870	2.999194
0.031880	2.999194
0.031890	2.999194
0.031900	2.999194
0.031910	2.999194
0.031920	2.999194
0.031930	2.999194
0.031940	2.999194
0.031950	2.999194
0.031960	2.999194
0.031970	2.999194
0.031980	2.999194
0.031990	2.999194
0.032000	2.999194
0.032010	2.999194
0.032020	2.999194
0.032030	2.999194
0.032040	2.999194
0.032050	2.999194
0.032060	2.999194
0.032070	2.999194
0.032080	2.999194
0.032090	2.999194
0.032100	2.999194
0.032110	2.999194
0.032120	2.999194
0.032130	2.999194
0.032140	2.999194
0.032150	2.999194
0.032160	2.999194
0.032170	2.999194
0.032180	2.999194
0.032190	2.999194
0.032200	2.999194
0.032210	2.999194
0.032220	2.999194
0.032230	2.999194
0.032240	2.999194
0.032250	2.999194
0.032260	2.999194
0.032270	2.999194
0.032280	2.999194
0.032290	2.999194
0.032300	2.999194
0.032310	2.999194
0.032320	2.999194
0.032330	2.999194
0.032340	2.999194
0.032350	2.999194
0.032360	2.999194
0.032370	2.999194
0.032380	2.999194
0.032390	2.999194
0.032400	2.999194
0.032410	2.999194
0.032420	2.999194
0.032430	2.999194
0.032440	2.999194
0.032450	2.999194
0.032460	2.999194
0.032470	2.999194
0.032480	2.999194
0.032490	2.999194
0.032500	2.999194
0.032510	2.999194
0.032520	2.999194
0.032530	2.999194
0.032540	2.999194
0.032550	2.999194
0.032560	2.999194
0.032570	2.999194
0.032580	2.999194
0.032590	2.999194
0.032600	2.999194
0.032610	2.999194
0.032620	2.999194
0.032630	2.999194
0.032640	2.999194
0.032650	2.999194
0.032660	2.999194
0.032670	2.999194
0.032680	2.999194
0.032690	2.999194
0.032700	2.999194
0.032710	2.999194
0.032720	2.999194
0.032730	2.999194
0.032740	2.999194
0.032750	2.999194
0.032760	2.999194
0.032770	2.999194
0.032780	2.999194
0.032790	2.999194
0.032800	2.999194
0.032810	2.999194
0.032820	2.999194
0.032830	2.999194
0.032840	2.999194
0.032850	2.999194
0.032860	2.999194
0.032870	2.999194
0.032880	2.999194
0.032890	2.999194
0.032900	2.999194
0.032910	2.999194
0.032920	2.999194
0.032930	2.999194
0.032940	2.999194
0.032950	2.999194
0.032960	2.999194
0.032970	2.999194
0.032980	2.999194
0.032990	2.999194
0.033000	2.999194
0.033010	2.999194
0.033020	2.999194
0.033030	2.999194
0.033040	2.999194
0.033050	2.999194
0.033060	2.999194
0.033070	2.999194
0.033080	2.999194
0.033090	2.999194
0.033100	2.999194
0.033110	2.999194
0.033120	2.999194
0.033130	2.999194
0.033140	2.999194
0.033150	2.999194
0.033160	2.999194
0.033170	2.999194
0.033180	2.999194
0.033190	2.999194
0.033200	2.999194
0.033210	2.999194
0.033220	2.999194
0.033230	2.999194
0.033240	2.999194
0.033250	2.999194
0.033260	2.999194
0.033270	2.999194
0.033280	2.999194
0.033290	2.999194
0.033300	2.999194
0.033310	2.999194
0.033320	2.999194
0.033330	2.999194
0.033340	2.999194
0.033350	2.999194
0.033360	2.999194
0.033370	2.999194
0.033380	2.999194
0.033390	2.999194
0.033400	2.999194
0.033410	2.999194
0.033420	2.999194
0.033430	2.999194
0.033440	2.999194
0.033450	2.999194
0.033460	2.999194
0.033470	2.999194
0.033480	2.999194
0.033490	2.999194
0.033500	2.999194
0.033510	2.999194
0.033520	2.999194
0.033530	2.999194
0.033540	2.999194
0.033550	2.999194
0.033560	2.999194
0.033570	2.999194
0.033580	2.999194
0.033590	2.999194
0.033600	2.999194
0.033610	2.999194
0.033620	2.999194
0.033630	2.999194
0.033640	2.999194
0.033650	2.999194
0.033660	2.999194
0.033670	2.999194
0.033680	2.999194
0.033690	2.999194
0.033700	2.999194
0.033710	2.999194
0.033720	2.999194
0.033730	2.999194
0.033740	2.999194
0.033750	2.999194
0.033760	2.999194
0.033770	2.999194
0.033780	2.999194
0.033790	2.999194
0.033800	2.999194
0.033810	2.999194
0.033820	2.999194
0.033830	2.999194
0.033840	2.999194
0.033850	2.999194
0.033860	2.999194
0.033870	2.999194
0.033880	2.999194
0.033890	2.999194
0.033900	2.999194
0.033910	2.999194
0.033920	2.999194
0.033930	2.999194
0.033940	2.999194
0.033950	2.999194
0.033960	2.999194
0.033970	2.999194
0.033980	2.999194
0.033990	2.999194
0.034000	2.999194
0.034010	2.999194
0.034020	2.999194
0.034030	2.999194
0.034040	2.999194
0.034050	2.999194
0.034060	2.999194
0.034070	2.999194
0.034080	2.999194
0.034090	2.999194
0.034100	2.999194
0.034110	2.999194
0.034120	2.999194
0.034130	2.999194
0.034140	2.999194
0.034150	2.999194
0.034160	2.999194
0.034170	2.999194
0.034180	2.999194
0.034190	2.999194
0.034200	2.999194
0.034210	2.999194
0.034220	2.999194
0.034230	2.999194
0.034240	2.999194
0.034250	2.999194
0.034260	2.999194
0.034270	2.999194
0.034280	2.999194
0.034290	2.999194
0.034300	2.999194
0.034310	2.999194
0.034320	2.999194
0.034330	2.999194
0.034340	2.999194
0.034350	2.999194
0.034360	2.999194
0.034370	2.999194
0.034380	2.999194
0.034390	2.999194
0.034400	2.999194
0.034410	2.999194
0.034420	2.999194
0.034430	2.999194
0.034440	2.999194
0.034450	2.999194
0.034460	2.999194
0.034470	2.999194
0.034480	2.999194
0.034490	2.999194
0.034500	2.999194
0.034510	2.999194
0.034520	2.999194
0.034530	2.999194
0.034540	2.999194
0.034550	2.999194
0.034560	2.999194
0.034570	2.999194
0.034580	2.999194
0.034590	2.999194
0.034600	2.999194
0.034610	2.999194
0.034620	2.999194
0.034630	2.999194
0.034640	2.999194
0.034650	2.999194
0.034660	2.999194
0.034670	2.999194
0.034680	2.999194
0.034690	2.999194
0.034700	2.999194
0.034710	2.999194
0.034720	2.999194
0.034730	2.999194
0.034740	2.999194
0.034750	2.999194
0.034760	2.999194
0.034770	2.999194
0.034780	2.999194
0.034790	2.999194
0.034800	2.999194
0.034810	2.999194
0.034820	2.999194
0.034830	2.999194
0.034840	2.999194
0.034850	2.999194
0.034860	2.999194
0.034870	2.999194
0.034880	2.999194
0.034890	2.999194
0.034900	2.999194
0.034910	2.999194
0.034920	2.999194
0.034930	2.999194
0.034940	2.999194
0.034950	2.999194
0.034960	2.999194
0.034970	2.999194
0.034980	2.999194
0.034990	2.999194
0.035000	2.999194
0.035010	2.999194
0.035020	2.999194
0.035030	2.999194
0.035040	2.999194
0.035050	2.999194
0.035060	2.999194
0.035070	2.999194
0.035080	2.999194
0.035090	2.999194
0.035100	2.999194
0.035110	2.999194
0.035120	2.999194
0.035130	2.999194
0.035140	2.999194
0.035150	2.999194
0.035160	2.999194
0.035170	2.999194
0.035180	2.999194
0.035190	2.999194
0.035200	2.999194
0.035210	2.999194
0.035220	2.999194
0.035230	2.999194
0.035240	2.999194
0.035250	2.999194
0.035260	2.999194
0.035270	2.999194
0.035280	2.999194
0.035290	2.999194
0.035300	2.999194
0.035310	2.999194
0.035320	2.999194
0.035330	2.999194
0.035340	2.999194
0.035350	2.999194
0.035360	2.999194
0.035370	2.999194
0.035380	2.999194
0.035390	2.999194
0.035400	2.999194
0.035410	2.999194
0.035420	2.999194
0.035430	2.999194
0.035440	2.999194
0.035450	2.999194
0.035460	2.999194
0.035470	2.999194
0.035480	2.999194
0.035490	2.999194
0.035500	2.999194
0.035510	2.999194
0.035520	2.999194
0.035530	2.999194
0.035540	2.999194
0.035550	2.999194
0.035560	2.999194
0.035570	2.999194
0.035580	2.999194
0.035590	2.999194
0.035600	2.999194
0.035610	2.999194
0.035620	2.999194
0.035630	2.999194
0.035640	2.999194
0.035650	2.999194
0.035660	2.999194
0.035670	2.999194
0.035680	2.999194
0.035690	2.999194
0.035700	2.999194
0.035710	2.999194
0.035720	2.999194
0.035730	2.999194
0.035740	2.999194
0.035750	2.999194
0.035760	2.999194
0.035770	2.999194
0.035780	2.999194
0.035790	2.999194
0.035800	2.999194
0.035810	2.999194
0.035820	2.999194
0.035830	2.999194
0.035840	2.999194
0.035850	2.999194
0.035860	2.999194
0.035870	2.999194
0.035880	2.999194
0.035890	2.999194
0.035900	2.999194
0.035910	2.999194
0.035920	2.999194
0.035930	2.999194
0.035940	2.999194
0.035950	2.999194
0.035960	2.999194
0.035970	2.999194
0.035980	2.999194
0.035990	2.999194
0.036000	2.999194
0.036010	2.999194
0.036020	2.999194
0.036030	2.999194
0.036040	2.999194
0.036050	2.999194
0.036060	2.999194
0.036070	2.999194
0.036080	2.999194
0.036090	2.999194
0.036100	2.999194
0.036110	2.999194
0.036120	2.999194
0.036130	2.999194
0.036140	2.999194
0.036150	2.999194
0.036160	2.999194
0.036170	2.999194
0.036180	2.999194
0.036190	2.999194
0.036200	2.999194
0.036210	2.999194
0.036220	2.999194
0.036230	2.999194
0.036240	2.999194
0.036250	2.999194
0.036260	2.999194
0.036270	2.999194
0.036280	2.999194
0.036290	2.999194
0.036300	2.999194
0.036310	2.999194
0.036320	2.999194
0.036330	2.999194
0.036340	2.999194
0.036350	2.999194
0.036360	2.999194
0.036370	2.999194
0.036380	2.999194
0.036390	2.999194
0.036400	2.999194
0.036410	2.999194
0.036420	2.999194
0.036430	2.999194
0.036440	2.999194
0.036450	2.999194
0.036460	2.999194
0.036470	2.999194
0.036480	2.999194
0.036490	2.999194
0.036500	2.999194
0.036510	2.999194
0.036520	2.999194
0.036530	2.999194
0.036540	2.999194
0.036550	2.999194
0.036560	2.999194
0.036570	2.999194
0.036580	2.999194
0.036590	2.999194
0.036600	2.999194
0.036610	2.999194
0.036620	2.999194
0.036630	2.999194
0.036640	2.999194
0.036650	2.999194
0.036660	2.999194
0.036670	2.999194
0.036680	2.999194
0.036690	2.999194
0.036700	2.999194
0.036710	2.999194
0.036720	2.999194
0.036730	2.999194
0.036740	2.999194
0.036750	2.999194
0.036760	2.999194
0.036770	2.999194
0.036780	2.999194
0.036790	2.999194
0.036800	2.999194
0.036810	2.999194
0.036820	2.999194
0.036830	2.999194
0.036840	2.999194
0.036850	2.999194
0.036860	2.999194
0.036870	2.999194
0.036880	2.999194
0.036890	2.999194
0.036900	2.999194
0.036910	2.999194
0.036920	2.999194
0.036930	2.999194
0.036940	2.999194
0.036950	2.999194
0.036960	2.999194
0.036970	2.999194
0.036980	2.999194
0.036990	2.999194
0.037000	2.999194
0.037010	2.999194
0.037020	2.999194
0.037030	2.999194
0.037040	2.999194
0.037050	2.999194
0.037060	2.999194
0.037070	2.999194
0.037080	2.999194
0.037090	2.999194
0.037100	2.999194
0.037110	2.999194
0.037120	2.999194
0.037130	2.999194
0.037140	2.999194
0.037150	2.999194
0.037160	2.999194
0.037170	2.999194
0.037180	2.999194
0.037190	2.999194
0.037200	2.999194
0.037210	2.999194
0.037220	2.999194
0.037230	2.999194
0.037240	2.999194
0.037250	2.999194
0.037260	2.999194
0.037270	2.999194
0.037280	2.999194
0.037290	2.999194
0.037300	2.999194
0.037310	2.999194
0.037320	2.999194
0.037330	2.999194
0.037340	2.999194
0.037350	2.999194
0.037360	2.999194
0.037370	2.999194
0.037380	2.999194
0.037390	2.999194
0.037400	2.999194
0.037410	2.999194
0.037420	2.999194
0.037430	2.999194
0.037440	2.999194
0.037450	2.999194
0.037460	2.999194
0.037470	2.999194
0.037480	2.999194
0.037490	2.999194
0.037500	2.999194
0.037510	2.999194
0.037520	2.999194
0.037530	2.999194
0.037540	2.999194
0.037550	2.999194
0.037560	2.999194
0.037570	2.999194
0.037580	2.999194
0.037590	2.999194
0.037600	2.999194
0.037610	2.999194
0.037620	2.999194
0.037630	2.999194
0.037640	2.999194
0.037650	2.999194
0.037660	2.999194
0.037670	2.999194
0.037680	2.999194
0.037690	2.999194
0.037700	2.999194
0.037710	2.999194
0.037720	2.999194
0.037730	2.999194
0.037740	2.999194
0.037750	2.999194
0.037760	2.999194
0.037770	2.999194
0.037780	2.999194
0.037790	2.999194
0.037800	2.999194
0.037810	2.999194
0.037820	2.999194
0.037830	2.999194
0.037840	2.999194
0.037850	2.999194
0.037860	2.999194
0.037870	2.999194
0.037880	2.999194
0.037890	2.999194
0.037900	2.999194
0.037910	2.999194
0.037920	2.999194
0.037930	2.999194
0.037940	2.999194
0.037950	2.999194
0.037960	2.999194
0.037970	2.999194
0.037980	2.999194
0.037990	2.999194
0.038000	2.999194
0.038010	2.999194
0.038020	2.999194
0.038030	2.999194
0.038040	2.999194
0.038050	2.999194
0.038060	2.999194
0.038070	2.999194
0.038080	2.999194
0.038090	2.999194
0.038100	2.999194
0.038110	2.999194
0.038120	2.999194
0.038130	2.999194
0.038140	2.999194
0.038150	2.999194
0.038160	2.999194
0.038170	2.999194
0.038180	2.999194
0.038190	2.999194
0.038200	2.999194
0.038210	2.999194
0.038220	2.999194
0.038230	2.999194
0.038240	2.999194
0.038250	2.999194
0.038260	2.999194
0.038270	2.999194
0.038280	2.999194
0.038290	2.999194
0.038300	2.999194
0.038310	2.999194
0.038320	2.999194
0.038330	2.999194
0.038340	2.999194
0.038350	2.999194
0.038360	2.999194
0.038370	2.999194
0.038380	2.999194
0.038390	2.999194
0.038400	2.999194
0.038410	2.999194
0.038420	2.999194
0.038430	2.999194
0.038440	2.999194
0.038450	2.999194
0.038460	2.999194
0.038470	2.999194
0.038480	2.999194
0.038490	2.999194
0.038500	2.999194
0.038510	2.999194
0.038520	2.999194
0.038530	2.999194
0.038540	2.999194
0.038550	2.999194
0.038560	2.999194
0.038570	2.999194
0.038580	2.999194
0.038590	2.999194
0.038600	2.999194
0.038610	2.999194
0.038620	2.999194
0.038630	2.999194
0.038640	2.999194
0.038650	2.999194
0.038660	2.999194
0.038670	2.999194
0.038680	2.999194
0.038690	2.999194
0.038700	2.999194
0.038710	2.999194
0.038720	2.999194
0.038730	2.999194
0.038740	2.999194
0.038750	2.999194
0.038760	2.999194
0.038770	2.999194
0.038780	2.999194
0.038790	2.999194
0.038800	2.999194
0.038810	2.999194
0.038820	2.999194
0.038830	2.999194
0.038840	2.999194
0.038850	2.999194
0.038860	2.999194
0.038870	2.999194
0.038880	2.999194
0.038890	2.999194
0.038900	2.999194
0.038910	2.999194
0.038920	2.999194
0.038930	2.999194
0.038940	2.999194
0.038950	2.999194
0.038960	2.999194
0.038970	2.999194
0.038980	2.999194
0.038990	2.999194
0.039000	2.999194
0.039010	2.999194
0.039020	2.999194
0.039030	2.999194
0.039040	2.999194
0.039050	2.999194
0.039060	2.999194
0.039070	2.999194
0.039080	2.999194
0.039090	2.999194
0.039100	2.999194
0.039110	2.999194
0.039120	2.999194
0.039130	2.999194
0.039140	2.999194
0.039150	2.999194
0.039160	2.999194
0.039170	2.999194
0.039180	2.999194
0.039190	2.999194
0.039200	2.999194
0.039210	2.999194
0.039220	2.999194
0.039230	2.999194
0.039240	2.999194
0.039250	2.999194
0.039260	2.999194
0.039270	2.999194
0.039280	2.999194
0.039290	2.999194
0.039300	2.999194
0.039310	2.999194
0.039320	2.999194
0.039330	2.999194
0.039340	2.999194
0.039350	2.999194
0.039360	2.999194
0.039370	2.999194
0.039380	2.999194
0.039390	2.999194
0.039400	2.999194
0.039410	2.999194
0.039420	2.999194
0.039430	2.999194
0.039440	2.999194
0.039450	2.999194
0.039460	2.999194
0.039470	2.999194
0.039480	2.999194
0.039490	2.999194
0.039500	2.999194
0.039510	2.999194
0.039520	2.999194
0.039530	2.999194
0.039540	2.999194
0.039550	2.999194
0.039560	2.999194
0.039570	2.999194
0.039580	2.999194
0.039590	2.999194
0.039600	2.999194
0.039610	2.999194
0.039620	2.999194
0.039630	2.999194
0.039640	2.999194
0.039650	2.999194
0.039660	2.999194
0.039670	2.999194
0.039680	2.999194
0.039690	2.999194
0.039700	2.999194
0.039710	2.999194
0.039720	2.999194
0.039730	2.999194
0.039740	2.999194
0.039750	2.999194
0.039760	2.999194
0.039770	2.999194
0.039780	2.999194
0.039790	2.999194
0.039800	2.999194
0.039810	2.999194
0.039820	2.999194
0.039830	2.999194
0.039840	2.999194
0.039850	2.999194
0.039860	2.999194
0.039870	2.999194
0.039880	2.999194
0.039890	2.999194
0.039900	2.999194
0.039910	2.999194
0.039920	2.999194
0.039930	2.999194
0.039940	2.999194
0.039950	2.999194
0.039960	2.999194
0.039970	2.999194
0.039980	2.999194
0.039990	2.999194
0.040000	2.999194
0.040010	2.999194
0.040020	2.999194
0.040030	2.999194
0.040040	2.999194
0.040050	2.999194
0.040060	2.999194
0.040070	2.999194
0.040080	2.999194
0.040090	2.999194
0.040100	2.999194
0.040110	2.999194
0.040120	2.999194
0.040130	2.999194
0.040140	2.999194
0.040150	2.999194
0.040160	2.999194
0.040170	2.999194
0.040180	2.999194
0.040190	2.999194
0.040200	2.999194
0.040210	2.999194
0.040220	2.999194
0.040230	2.999194
0.040240	2.999194
0.040250	2.999194
0.040260	2.999194
0.040270	2.999194
0.040280	2.999194
0.040290	2.999194
0.040300	2.999194
0.040310	2.999194
0.040320	2.999194
0.040330	2.999194
0.040340	2.999194
0.040350	2.999194
0.040360	2.999194
0.040370	2.999194
0.040380	2.999194
0.040390	2.999194
0.040400	2.999194
0.040410	2.999194
0.040420	2.999194
0.040430	2.999194
0.040440	2.999194
0.040450	2.999194
0.040460	2.999194
0.040470	2.999194
0.040480	2.999194
0.040490	2.999194
0.040500	2.999194
0.040510	2.999194
0.040520	2.999194
0.040530	2.999194
0.040540	2.999194
0.040550	2.999194
0.040560	2.999194
0.040570	2.999194
0.040580	2.999194
0.040590	2.999194
0.040600	2.999194
0.040610	2.999194
0.040620	2.999194
0.040630	2.999194
0.040640	2.999194
0.040650	2.999194
0.040660	2.999194
0.040670	2.999194
0.040680	2.999194
0.040690	2.999194
0.040700	2.999194
0.040710	2.999194
0.040720	2.999194
0.040730	2.999194
0.040740	2.999194
0.040750	2.999194
0.040760	2.999194
0.040770	2.999194
0.040780	2.999194
0.040790	2.999194
0.040800	2.999194
0.040810	2.999194
0.040820	2.999194
0.040830	2.999194
0.040840	2.999194
0.040850	2.999194
0.040860	2.999194
0.040870	2.999194
0.040880	2.999194
0.040890	2.999194
0.040900	2.999194
0.040910	2.999194
0.040920	2.999194
0.040930	2.999194
0.040940	2.999194
0.040950	2.999194
0.040960	2.999194
0.040970	2.999194
0.040980	2.999194
0.040990	2.999194
0.041000	2.999194
0.041010	2.999194
0.041020	2.999194
0.041030	2.999194
0.041040	2.999194
0.041050	2.999194
0.041060	2.999194
0.041070	2.999194
0.041080	2.999194
0.041090	2.999194
0.041100	2.999194
0.041110	2.999194
0.041120	2.999194
0.041130	2.999194
0.041140	2.999194
0.041150	2.999194
0.041160	2.999194
0.041170	2.999194
0.041180	2.999194
0.041190	2.999194
0.041200	2.999194
0.041210	2.999194
0.041220	2.999194
0.041230	2.999194
0.041240	2.999194
0.041250	2.999194
0.041260	2.999194
0.041270	2.999194
0.041280	2.999194
0.041290	2.999194
0.041300	2.999194
0.041310	2.999194
0.041320	2.999194
0.041330	2.999194
0.041340	2.999194
0.041350	2.999194
0.041360	2.999194
0.041370	2.999194
0.041380	2.999194
0.041390	2.999194
0.041400	2.999194
0.041410	2.999194
0.041420	2.999194
0.041430	2.999194
0.041440	2.999194
0.041450	2.999194
0.041460	2.999194
0.041470	2.999194
0.041480	2.999194
0.041490	2.999194
0.041500	2.999194
0.041510	2.999194
0.041520	2.999194
0.041530	2.999194
0.041540	2.999194
0.041550	2.999194
0.041560	2.999194
0.041570	2.999194
0.041580	2.999194
0.041590	2.999194
0.041600	2.999194
0.041610	2.999194
0.041620	2.999194
0.041630	2.999194
0.041640	2.999194
0.041650	2.999194
0.041660	2.999194
0.041670	2.999194
0.041680	2.999194
0.041690	2.999194
0.041700	2.999194
0.041710	2.999194
0.041720	2.999194
0.041730	2.999194
0.041740	2.999194
0.041750	2.999194
0.041760	2.999194
0.041770	2.999194
0.041780	2.999194
0.041790	2.999194
0.041800	2.999194
0.041810	2.999194
0.041820	2.999194
0.041830	2.999194
0.041840	2.999194
0.041850	2.999194
0.041860	2.999194
0.041870	2.999194
0.041880	2.999194
0.041890	2.999194
0.041900	2.999194
0.041910	2.999194
0.041920	2.999194
0.041930	2.999194
0.041940	2.999194
0.041950	2.999194
0.041960	2.999194
0.041970	2.999194
0.041980	2.999194
0.041990	2.999194
0.042000	2.999194
0.042010	2.999194
0.042020	2.999194
0.042030	2.999194
0.042040	2.999194
0.042050	2.999194
0.042060	2.999194
0.042070	2.999194
0.042080	2.999194
0.042090	2.999194
0.042100	2.999194
0.042110	2.999194
0.042120	2.999194
0.042130	2.999194
0.042140	2.999194
0.042150	2.999194
0.042160	2.999194
0.042170	2.999194
0.042180	2.999194
0.042190	2.999194
0.042200	2.999194
0.042210	2.999194
0.042220	2.999194
0.042230	2.999194
0.042240	2.999194
0.042250	2.999194
0.042260	2.999194
0.042270	2.999194
0.042280	2.999194
0.042290	2.999194
0.042300	2.999194
0.042310	2.999194
0.042320	2.999194
0.042330	2.999194
0.042340	2.999194
0.042350	2.999194
0.042360	2.999194
0.042370	2.999194
0.042380	2.999194
0.042390	2.999194
0.042400	2.999194
0.042410	2.999194
0.042420	2.999194
0.042430	2.999194
0.042440	2.999194
0.042450	2.999194
0.042460	2.999194
0.042470	2.999194
0.042480	2.999194
0.042490	2.999194
0.042500	2.999194
0.042510	2.999194
0.042520	2.999194
0.042530	2.999194
0.042540	2.999194
0.042550	2.999194
0.042560	2.999194
0.042570	2.999194
0.042580	2.999194
0.042590	2.999194
0.042600	2.999194
0.042610	2.999194
0.042620	2.999194
0.042630	2.999194
0.042640	2.999194
0.042650	2.999194
0.042660	2.999194
0.042670	2.999194
0.042680	2.999194
0.042690	2.999194
0.042700	2.999194
0.042710	2.999194
0.042720	2.999194
0.042730	2.999194
0.042740	2.999194
0.042750	2.999194
0.042760	2.999194
0.042770	2.999194
0.042780	2.999194
0.042790	2.999194
0.042800	2.999194
0.042810	2.999194
0.042820	2.999194
0.042830	2.999194
0.042840	2.999194
0.042850	2.999194
0.042860	2.999194
0.042870	2.999194
0.042880	2.999194
0.042890	2.999194
0.042900	2.999194
0.042910	2.999194
0.042920	2.999194
0.042930	2.999194
0.042940	2.999194
0.042950	2.999194
0.042960	2.999194
0.042970	2.999194
0.042980	2.999194
0.042990	2.999194
0.043000	2.999194
0.043010	2.999194
0.043020	2.999194
0.043030	2.999194
0.043040	2.999194
0.043050	2.999194
0.043060	2.999194
0.043070	2.999194
0.043080	2.999194
0.043090	2.999194
0.043100	2.999194
0.043110	2.999194
0.043120	2.999194
0.043130	2.999194
0.043140	2.999194
0.043150	2.999194
0.043160	2.999194
0.043170	2.999194
0.043180	2.999194
0.043190	2.999194
0.043200	2.999194
0.043210	2.999194
0.043220	2.999194
0.043230	2.999194
0.043240	2.999194
0.043250	2.999194
0.043260	2.999194
0.043270	2.999194
0.043280	2.999194
0.043290	2.999194
0.043300	2.999194
0.043310	2.999194
0.043320	2.999194
0.043330	2.999194
0.043340	2.999194
0.043350	2.999194
0.043360	2.999194
0.043370	2.999194
0.043380	2.999194
0.043390	2.999194
0.043400	2.999194
0.043410	2.999194
0.043420	2.999194
0.043430	2.999194
0.043440	2.999194
0.043450	2.999194
0.043460	2.999194
0.043470	2.999194
0.043480	2.999194
0.043490	2.999194
0.043500	2.999194
0.043510	2.999194
0.043520	2.999194
0.043530	2.999194
0.043540	2.999194
0.043550	2.999194
0.043560	2.999194
0.043570	2.999194
0.043580	2.999194
0.043590	2.999194
0.043600	2.999194
0.043610	2.999194
0.043620	2.999194
0.043630	2.999194
0.043640	2.999194
0.043650	2.999194
0.043660	2.999194
0.043670	2.999194
0.043680	2.999194
0.043690	2.999194
0.043700	2.999194
0.043710	2.999194
0.043720	2.999194
0.043730	2.999194
0.043740	2.999194
0.043750	2.999194
0.043760	2.999194
0.043770	2.999194
0.043780	2.999194
0.043790	2.999194
0.043800	2.999194
0.043810	2.999194
0.043820	2.999194
0.043830	2.999194
0.043840	2.999194
0.043850	2.999194
0.043860	2.999194
0.043870	2.999194
0.043880	2.999194
0.043890	2.999194
0.043900	2.999194
0.043910	2.999194
0.043920	2.999194
0.043930	2.999194
0.043940	2.999194
0.043950	2.999194
0.043960	2.999194
0.043970	2.999194
0.043980	2.999194
0.043990	2.999194
0.044000	2.999194
0.044010	2.999194
0.044020	2.999194
0.044030	2.999194
0.044040	2.999194
0.044050	2.999194
0.044060	2.999194
0.044070	2.999194
0.044080	2.999194
0.044090	2.999194
0.044100	2.999194
0.044110	2.999194
0.044120	2.999194
0.044130	2.999194
0.044140	2.999194
0.044150	2.999194
0.044160	2.999194
0.044170	2.999194
0.044180	2.999194
0.044190	2.999194
0.044200	2.999194
0.044210	2.999194
0.044220	2.999194
0.044230	2.999194
0.044240	2.999194
0.044250	2.999194
0.044260	2.999194
0.044270	2.999194
0.044280	2.999194
0.044290	2.999194
0.044300	2.999194
0.044310	2.999194
0.044320	2.999194
0.044330	2.999194
0.044340	2.999194
0.044350	2.999194
0.044360	2.999194
0.044370	2.999194
0.044380	2.999194
0.044390	2.999194
0.044400	2.999194
0.044410	2.999194
0.044420	2.999194
0.044430	2.999194
0.044440	2.999194
0.044450	2.999194
0.044460	2.999194
0.044470	2.999194
0.044480	2.999194
0.044490	2.999194
0.044500	2.999194
0.044510	2.999194
0.044520	2.999194
0.044530	2.999194
0.044540	2.999194
0.044550	2.999194
0.044560	2.999194
0.044570	2.999194
0.044580	2.999194
0.044590	2.999194
0.044600	2.999194
0.044610	2.999194
0.044620	2.999194
0.044630	2.999194
0.044640	2.999194
0.044650	2.999194
0.044660	2.999194
0.044670	2.999194
0.044680	2.999194
0.044690	2.999194
0.044700	2.999194
0.044710	2.999194
0.044720	2.999194
0.044730	2.999194
0.044740	2.999194
0.044750	2.999194
0.044760	2.999194
0.044770	2.999194
0.044780	2.999194
0.044790	2.999194
0.044800	2.999194
0.044810	2.999194
0.044820	2.999194
0.044830	2.999194
0.044840	2.999194
0.044850	2.999194
0.044860	2.999194
0.044870	2.999194
0.044880	2.999194
0.044890	2.999194
0.044900	2.999194
0.044910	2.999194
0.044920	2.999194
0.044930	2.999194
0.044940	2.999194
0.044950	2.999194
0.044960	2.999194
0.044970	2.999194
0.044980	2.999194
0.044990	2.999194
0.045000	2.999194
0.045010	2.999194
0.045020	2.999194
0.045030	2.999194
0.045040	2.999194
0.045050	2.999194
0.045060	2.999194
0.045070	2.999194
0.045080	2.999194
0.045090	2.999194
0.045100	2.999194
0.045110	2.999194
0.045120	2.999194
0.045130	2.999194
0.045140	2.999194
0.045150	2.999194
0.045160	2.999194
0.045170	2.999194
0.045180	2.999194
0.045190	2.999194
0.045200	2.999194
0.045210	2.999194
0.045220	2.999194
0.045230	2.999194
0.045240	2.999194
0.045250	2.999194
0.045260	2.999194
0.045270	2.999194
0.045280	2.999194
0.045290	2.999194
0.045300	2.999194
0.045310	2.999194
0.045320	2.999194
0.045330	2.999194
0.045340	2.999194
0.045350	2.999194
0.045360	2.999194
0.045370	2.999194
0.045380	2.999194
0.045390	2.999194
0.045400	2.999194
0.045410	2.999194
0.045420	2.999194
0.045430	2.999194
0.045440	2.999194
0.045450	2.999194
0.045460	2.999194
0.045470	2.999194
0.045480	2.999194
0.045490	2.999194
0.045500	2.999194
0.045510	2.999194
0.045520	2.999194
0.045530	2.999194
0.045540	2.999194
0.045550	2.999194
0.045560	2.999194
0.045570	2.999194
0.045580	2.999194
0.045590	2.999194
0.045600	2.999194
0.045610	2.999194
0.045620	2.999194
0.045630	2.999194
0.045640	2.999194
0.045650	2.999194
0.045660	2.999194
0.045670	2.999194
0.045680	2.999194
0.045690	2.999194
0.045700	2.999194
0.045710	2.999194
0.045720	2.999194
0.045730	2.999194
0.045740	2.999194
0.045750	2.999194
0.045760	2.999194
0.045770	2.999194
0.045780	2.999194
0.045790	2.999194
0.045800	2.999194
0.045810	2.999194
0.045820	2.999194
0.045830	2.999194
0.045840	2.999194
0.045850	2.999194
0.045860	2.999194
0.045870	2.999194
0.045880	2.999194
0.045890	2.999194
0.045900	2.999194
0.045910	2.999194
0.045920	2.999194
0.045930	2.999194
0.045940	2.999194
0.045950	2.999194
0.045960	2.999194
0.045970	2.999194
0.045980	2.999194
0.045990	2.999194
0.046000	2.999194
0.046010	2.999194
0.046020	2.999194
0.046030	2.999194
0.046040	2.999194
0.046050	2.999194
0.046060	2.999194
0.046070	2.999194
0.046080	2.999194
0.046090	2.999194
0.046100	2.999194
0.046110	2.999194
0.046120	2.999194
0.046130	2.999194
0.046140	2.999194
0.046150	2.999194
0.046160	2.999194
0.046170	2.999194
0.046180	2.999194
0.046190	2.999194
0.046200	2.999194
0.046210	2.999194
0.046220	2.999194
0.046230	2.999194
0.046240	2.999194
0.046250	2.999194
0.046260	2.999194
0.046270	2.999194
0.046280	2.999194
0.046290	2.999194
0.046300	2.999194
0.046310	2.999194
0.046320	2.999194
0.046330	2.999194
0.046340	2.999194
0.046350	2.999194
0.046360	2.999194
0.046370	2.999194
0.046380	2.999194
0.046390	2.999194
0.046400	2.999194
0.046410	2.999194
0.046420	2.999194
0.046430	2.999194
0.046440	2.999194
0.046450	2.999194
0.046460	2.999194
0.046470	2.999194
0.046480	2.999194
0.046490	2.999194
0.046500	2.999194
0.046510	2.999194
0.046520	2.999194
0.046530	2.999194
0.046540	2.999194
0.046550	2.999194
0.046560	2.999194
0.046570	2.999194
0.046580	2.999194
0.046590	2.999194
0.046600	2.999194
0.046610	2.999194
0.046620	2.999194
0.046630	2.999194
0.046640	2.999194
0.046650	2.999194
0.046660	2.999194
0.046670	2.999194
0.046680	2.999194
0.046690	2.999194
0.046700	2.999194
0.046710	2.999194
0.046720	2.999194
0.046730	2.999194
0.046740	2.999194
0.046750	2.999194
0.046760	2.999194
0.046770	2.999194
0.046780	2.999194
0.046790	2.999194
0.046800	2.999194
0.046810	2.999194
0.046820	2.999194
0.046830	2.999194
0.046840	2.999194
0.046850	2.999194
0.046860	2.999194
0.046870	2.999194
0.046880	2.999194
0.046890	2.999194
0.046900	2.999194
0.046910	2.999194
0.046920	2.999194
0.046930	2.999194
0.046940	2.999194
0.046950	2.999194
0.046960	2.999194
0.046970	2.999194
0.046980	2.999194
0.046990	2.999194
0.047000	2.999194
0.047010	2.999194
0.047020	2.999194
0.047030	2.999194
0.047040	2.999194
0.047050	2.999194
0.047060	2.999194
0.047070	2.999194
0.047080	2.999194
0.047090	2.999194
0.047100	2.999194
0.047110	2.999194
0.047120	2.999194
0.047130	2.999194
0.047140	2.999194
0.047150	2.999194
0.047160	2.999194
0.047170	2.999194
0.047180	2.999194
0.047190	2.999194
0.047200	2.999194
0.047210	2.999194
0.047220	2.999194
0.047230	2.999194
0.047240	2.999194
0.047250	2.999194
0.047260	2.999194
0.047270	2.999194
0.047280	2.999194
0.047290	2.999194
0.047300	2.999194
0.047310	2.999194
0.047320	2.999194
0.047330	2.999194
0.047340	2.999194
0.047350	2.999194
0.047360	2.999194
0.047370	2.999194
0.047380	2.999194
0.047390	2.999194
0.047400	2.999194
0.047410	2.999194
0.047420	2.999194
0.047430	2.999194
0.047440	2.999194
0.047450	2.999194
0.047460	2.999194
0.047470	2.999194
0.047480	2.999194
0.047490	2.999194
0.047500	2.999194
0.047510	2.999194
0.047520	2.999194
0.047530	2.999194
0.047540	2.999194
0.047550	2.999194
0.047560	2.999194
0.047570	2.999194
0.047580	2.999194
0.047590	2.999194
0.047600	2.999194
0.047610	2.999194
0.047620	2.999194
0.047630	2.999194
0.047640	2.999194
0.047650	2.999194
0.047660	2.999194
0.047670	2.999194
0.047680	2.999194
0.047690	2.999194
0.047700	2.999194
0.047710	2.999194
0.047720	2.999194
0.047730	2.999194
0.047740	2.999194
0.047750	2.999194
0.047760	2.999194
0.047770	2.999194
0.047780	2.999194
0.047790	2.999194
0.047800	2.999194
0.047810	2.999194
0.047820	2.999194
0.047830	2.999194
0.047840	2.999194
0.047850	2.999194
0.047860	2.999194
0.047870	2.999194
0.047880	2.999194
0.047890	2.999194
0.047900	2.999194
0.047910	2.999194
0.047920	2.999194
0.047930	2.999194
0.047940	2.999194
0.047950	2.999194
0.047960	2.999194
0.047970	2.999194
0.047980	2.999194
0.047990	2.999194
0.048000	2.999194
0.048010	2.999194
0.048020	2.999194
0.048030	2.999194
0.048040	2.999194
0.048050	2.999194
0.048060	2.999194
0.048070	2.999194
0.048080	2.999194
0.048090	2.999194
0.048100	2.999194
0.048110	2.999194
0.048120	2.999194
0.048130	2.999194
0.048140	2.999194
0.048150	2.999194
0.048160	2.999194
0.048170	2.999194
0.048180	2.999194
0.048190	2.999194
0.048200	2.999194
0.048210	2.999194
0.048220	2.999194
0.048230	2.999194
0.048240	2.999194
0.048250	2.999194
0.048260	2.999194
0.048270	2.999194
0.048280	2.999194
0.048290	2.999194
0.048300	2.999194
0.048310	2.999194
0.048320	2.999194
0.048330	2.999194
0.048340	2.999194
0.048350	2.999194
0.048360	2.999194
0.048370	2.999194
0.048380	2.999194
0.048390	2.999194
0.048400	2.999194
0.048410	2.999194
0.048420	2.999194
0.048430	2.999194
0.048440	2.999194
0.048450	2.999194
0.048460	2.999194
0.048470	2.999194
0.048480	2.999194
0.048490	2.999194
0.048500	2.999194
0.048510	2.999194
0.048520	2.999194
0.048530	2.999194
0.048540	2.999194
0.048550	2.999194
0.048560	2.999194
0.048570	2.999194
0.048580	2.999194
0.048590	2.999194
0.048600	2.999194
0.048610	2.999194
0.048620	2.999194
0.048630	2.999194
0.048640	2.999194
0.048650	2.999194
0.048660	2.999194
0.048670	2.999194
0.048680	2.999194
0.048690	2.999194
0.048700	2.999194
0.048710	2.999194
0.048720	2.999194
0.048730	2.999194
0.048740	2.999194
0.048750	2.999194
0.048760	2.999194
0.048770	2.999194
0.048780	2.999194
0.048790	2.999194
0.048800	2.999194
0.048810	2.999194
0.048820	2.999194
0.048830	2.999194
0.048840	2.999194
0.048850	2.999194
0.048860	2.999194
0.048870	2.999194
0.048880	2.999194
0.048890	2.999194
0.048900	2.999194
0.048910	2.999194
0.048920	2.999194
0.048930	2.999194
0.048940	2.999194
0.048950	2.999194
0.048960	2.999194
0.048970	2.999194
0.048980	2.999194
0.048990	2.999194
0.049000	2.999194
0.049010	2.999194
0.049020	2.999194
0.049030	2.999194
0.049040	2.999194
0.049050	2.999194
0.049060	2.999194
0.049070	2.999194
0.049080	2.999194
0.049090	2.999194
0.049100	2.999194
0.049110	2.999194
0.049120	2.999194
0.049130	2.999194
0.049140	2.999194
0.049150	2.999194
0.049160	2.999194
0.049170	2.999194
0.049180	2.999194
0.049190	2.999194
0.049200	2.999194
0.049210	2.999194
0.049220	2.999194
0.049230	2.999194
0.049240	2.999194
0.049250	2.999194
0.049260	2.999194
0.049270	2.999194
0.049280	2.999194
0.049290	2.999194
0.049300	2.999194
0.049310	2.999194
0.049320	2.999194
0.049330	2.999194
0.049340	2.999194
0.049350	2.999194
0.049360	2.999194
0.049370	2.999194
0.049380	2.999194
0.049390	2.999194
0.049400	2.999194
0.049410	2.999194
0.049420	2.999194
0.049430	2.999194
0.049440	2.999194
0.049450	2.999194
0.049460	2.999194
0.049470	2.999194
0.049480	2.999194
0.049490	2.999194
0.049500	2.999194
0.049510	2.999194
0.049520	2.999194
0.049530	2.999194
0.049540	2.999194
0.049550	2.999194
0.049560	2.999194
0.049570	2.999194
0.049580	2.999194
0.049590	2.999194
0.049600	2.999194
0.049610	2.999194
0.049620	2.999194
0.049630	2.999194
0.049640	2.999194
0.049650	2.999194
0.049660	2.999194
0.049670	2.999194
0.049680	2.999194
0.049690	2.999194
0.049700	2.999194
0.049710	2.999194
0.049720	2.999194
0.049730	2.999194
0.049740	2.999194
0.049750	2.999194
0.049760	2.999194
0.049770	2.999194
0.049780	2.999194
0.049790	2.999194
0.049800	2.999194
0.049810	2.999194
0.049820	2.999194
0.049830	2.999194
0.049840	2.999194
0.049850	2.999194
0.049860	2.999194
0.049870	2.999194
0.049880	2.999194
0.049890	2.999194
0.049900	2.999194
0.049910	2.999194
0.049920	2.999194
0.049930	2.999194
0.049940	2.999194
0.049950	2.999194
0.049960	2.999194
0.049970	2.999194
0.049980	2.999194
0.049990	2.999194
0.050000	0.000000
